variant,run,test_size,ep_reward,mean_pairwise_distance,max_pairwise_distance,distance_to_com,min_distance_to_evader,capture_time,ep_length,converged,train_size
phi1_w128,1,4,-5.214485476952977,1.7681802463531495,2.9151620864868164,1.0740072068758308,,,28.64,1.0,4
phi1_w128,1,8,-7.337858393136412,1.3517907816171646,2.6590892124176024,3.469242805351969,,,39.37,1.0,4
phi1_w128,1,16,-10.248191326595842,1.1672951221466064,2.4715889644622804,0.8281977068260312,,,106.81,0.9,4
phi1_w128,1,32,-21.60892621651292,1.099889448285103,2.4484285044670107,2.575808542671148,,,305.34,0.44,4
phi1_w128,1,50,-36.93017208073288,1.086359171271324,2.5089249086380003,2.789583909833431,,,455.86,0.1,4
phi1_w128,1,100,-65.19876662932336,1.0849669766426087,2.5767161369323732,3.626941825430095,,,495.67,0.01,4
phi1_w128,2,4,-5.41091519806534,1.6435148298740387,2.775135388374329,1.714490785356611,,,27.99,1.0,4
phi1_w128,2,8,-11.396374322008342,1.2726932668685913,2.765892527103424,1.6768843547953294,,,55.83,1.0,4
phi1_w128,2,16,-10.357812869958579,1.111509115099907,2.675088303089142,1.6701138768577948,,,51.47,1.0,4
phi1_w128,2,32,-11.210493404045701,1.0216263473033904,2.5606361389160157,1.8979502151376801,,,53.97,1.0,4
phi1_w128,2,50,-16.258298113383354,1.617999685406685,3.8000968313217163,2.164016376606375,,,70.72,0.97,4
phi1_w128,2,100,-16.999778430089354,0.9842320501804351,2.3338606333732606,2.3304803722701037,,,68.12,1.0,4
phi1_w128,3,4,-4.800328623969108,1.6489671111106872,2.8352937269210816,2.4132763052359225,,,25.43,1.0,4
phi1_w128,3,8,-7.772694223895669,1.2374594473838807,2.65171240568161,3.652617698404938,,,40.9,1.0,4
phi1_w128,3,16,-8.713125404678285,1.0761174243688583,2.4976454639434813,2.587482958988403,,,49.94,1.0,4
phi1_w128,3,32,-10.654240492023527,1.0012563008069992,2.362395796775818,1.4814846352502355,,,60.28,1.0,4
phi1_w128,3,50,-12.896761129871011,0.9705879044532776,2.197726671695709,1.5643021889917552,,,74.05,1.0,4
phi1_w128,3,100,-18.565334547013045,0.9492106318473816,2.0774779987335203,0.7110181524732616,,,94.62,1.0,4
phi1_w128,4,4,-5.2117481008870525,1.7264978551864625,2.8912272024154664,2.7321598315238953,,,26.5,1.0,4
phi1_w128,4,8,-7.383478377014399,1.2731434816122056,2.654625027179718,2.4132748236414043,,,39.91,1.0,4
phi1_w128,4,16,-9.08319776179269,1.1112376695871353,2.4526553082466127,0.7997448998643085,,,49.5,1.0,4
phi1_w128,4,32,-10.994540165066718,1.0415756392478943,2.354420783519745,1.0309783516521565,,,58.79,1.0,4
phi1_w128,4,50,-12.872732650488615,1.0179329115152358,2.2519065809249876,1.8135461155079304,,,63.66,1.0,4
phi1_w128,4,100,-16.60476028941572,0.9944333726167679,2.2017559456825255,1.2379205090170726,,,68.48,1.0,4
phi1_w128,5,4,-5.68805904885754,1.7262818348407745,2.9120257472991944,2.352667949371971,,,28.23,1.0,4
phi1_w128,5,8,-8.780751573164016,1.2369699853658676,2.5314710450172426,3.605135885659838,,,45.35,1.0,4
phi1_w128,5,16,-9.878681222442538,1.287064471244812,2.9782838916778562,3.7421066788217288,,,49.82,0.99,4
phi1_w128,5,32,-10.646216098964214,1.0021022671461106,2.5823907399177553,1.456678375970805,,,52.03,1.0,4
phi1_w128,5,50,-13.467346193417907,1.1647699189186096,2.9997113060951235,1.8162097767325118,,,60.03,0.99,4
phi1_w128,5,100,-15.500695845857262,0.9158542811870575,2.500046420097351,1.2121638493282954,,,59.03,1.0,4
phi1_w32,1,4,-4.8313537742011246,1.7115777516365052,2.887554361820221,3.316370862334734,,,26.76,1.0,4
phi1_w32,1,8,-8.066151183219626,1.3154017925262451,2.704743323326111,2.3429002958606,,,51.83,0.98,4
phi1_w32,1,16,-12.55051723267883,1.1631254243850708,2.5775745701789856,2.150706918600481,,,172.52,0.74,4
phi1_w32,1,32,-28.157973119989038,1.4836061441898345,3.4475867533683777,2.4461822060262786,,,424.29,0.17,4
phi1_w32,1,50,-37.838336198404434,1.0816925698518753,2.582811620235443,1.6916648869365454,,,477.71,0.05,4
phi1_w32,1,100,-65.18368796549737,1.0769419384002685,2.6072458386421205,1.4084285084962846,,,500.0,0.0,4
phi1_w32,2,4,-6.232784842988476,1.7533800494670868,2.927908704280853,3.4521095179207624,,,30.4,1.0,4
phi1_w32,2,8,-12.885851870914921,1.7068697643280029,3.509631233215332,3.3923272453434765,,,62.21,0.98,4
phi1_w32,2,16,-13.337872788645328,1.5287848043441772,3.4278268361091615,3.457571598024806,,,66.56,0.98,4
phi1_w32,2,32,-12.797021718882025,1.0718638676404952,2.5763001894950865,1.78486775080557,,,64.74,1.0,4
phi1_w32,2,50,-15.26770316399634,1.0598403894901276,2.5453195858001707,3.1579899398282167,,,72.86,1.0,4
phi1_w32,2,100,-20.426241859197617,1.0932858687639238,2.6196968030929564,2.59222170059029,,,83.21,1.0,4
phi1_w32,3,4,-5.1485516878403725,1.7016627478599549,2.9053123116493227,3.282677311254665,,,26.47,1.0,4
phi1_w32,3,8,-7.588495192751289,1.268505546450615,2.6527052545547485,2.8219735598750413,,,40.23,1.0,4
phi1_w32,3,16,-8.9630421936512,1.1236284065246582,2.5861073327064514,1.8552118535735644,,,47.36,1.0,4
phi1_w32,3,32,-10.80914256360382,1.0514810585975647,2.526421434879303,1.4759998225275195,,,53.13,1.0,4
phi1_w32,3,50,-12.681234925501048,1.0319033443927765,2.395603017807007,2.1331821217522027,,,57.76,1.0,4
phi1_w32,3,100,-16.249147697538138,1.0157356882095336,2.4086425137519836,1.4891817312236875,,,61.11,1.0,4
phi1_w32,4,4,-5.184892746750266,1.7169568705558778,2.85520094871521,2.2410540663450957,,,27.55,1.0,4
phi1_w32,4,8,-9.030955724315717,1.5505511260032654,3.0200589990615843,2.020627284348011,,,46.15,0.99,4
phi1_w32,4,16,-8.633558254614472,1.1691948586702348,2.5019730067253114,2.503744492093101,,,47.17,1.0,4
phi1_w32,4,32,-10.615140755772591,1.0610599678754806,2.3174070072174073,2.4737941997591406,,,55.51,1.0,4
phi1_w32,4,50,-12.607623366974295,1.015843568444252,2.1924304962158203,0.8353030855506658,,,64.58,1.0,4
phi1_w32,4,100,-17.50552624695003,0.9985854876041412,2.111297218799591,1.7081539443790914,,,75.04,1.0,4
phi1_w32,5,4,-5.3222113691177215,1.6112012457847595,2.7671376395225527,1.3266007764358074,,,27.06,1.0,4
phi1_w32,5,8,-7.533246847139671,1.321362211704254,2.742753150463104,2.258419055195991,,,39.73,1.0,4
phi1_w32,5,16,-9.162837761770934,1.141074345111847,2.6285247731208803,2.1600847238418646,,,48.48,1.0,4
phi1_w32,5,32,-11.802153642885386,1.272848060131073,2.95982595205307,2.3241415839298862,,,58.23,0.99,4
phi1_w32,5,50,-12.741620818153024,1.0125227105617522,2.577180392742157,2.8103981037788093,,,59.53,1.0,4
phi1_w32,5,100,-16.670288617387413,0.9817512291669845,2.449594519138336,1.702456005168706,,,63.9,1.0,4
phi1_w64,1,4,-5.559821653999388,1.7748477494716643,2.9601575541496277,3.7010133574344217,,,27.91,1.0,4
phi1_w64,1,8,-7.749903398845345,1.3120439249277114,2.6138280868530273,0.8866983985109255,,,40.53,1.0,4
phi1_w64,1,16,-8.98537734175101,1.1337643074989319,2.5286164331436156,2.40599304318428,,,48.1,1.0,4
phi1_w64,1,32,-10.2711066814512,1.0635818511247634,2.448361954689026,2.8107768257916903,,,52.42,1.0,4
phi1_w64,1,50,-12.15387202642858,1.0349440455436707,2.3307250475883485,1.436640690946579,,,56.95,1.0,4
phi1_w64,1,100,-16.093246491923928,1.0093722838163375,2.264891700744629,3.190338636043668,,,62.4,1.0,4
phi1_w64,2,4,-5.441681733718142,1.6843161332607268,2.780595681667328,2.3451931905094536,,,28.54,1.0,4
phi1_w64,2,8,-10.033494615890085,1.8802850687503814,3.6333876943588255,2.882389086219482,,,51.44,0.98,4
phi1_w64,2,16,-10.241680494695903,1.1410861521959306,2.250605511665344,2.8916828243993224,,,84.07,0.99,4
phi1_w64,2,32,-19.56662519071251,1.297268860936165,2.468972218036652,1.9566604243870824,,,230.09,0.7,4
phi1_w64,2,50,-36.721388351023194,1.4790826177597045,3.1889759945869445,1.9312341800749302,,,417.49,0.23,4
phi1_w64,2,100,-65.11255798630417,1.054552498459816,2.6790820121765138,2.7809173619151117,,,488.21,0.03,4
phi1_w64,3,4,-5.554900878430344,1.6714358675479888,2.8652884221076964,1.729761966979131,,,27.31,1.0,4
phi1_w64,3,8,-9.251890575308353,1.2665033894777298,2.7272242403030393,0.8353121160995215,,,45.6,1.0,4
phi1_w64,3,16,-9.038153910767287,1.0801519179344177,2.6540170550346374,1.8152083274233155,,,47.17,1.0,4
phi1_w64,3,32,-11.432787349559367,0.9912249851226806,2.524955611228943,1.4756518069285085,,,55.28,1.0,4
phi1_w64,3,50,-12.697976865172386,0.9543504583835601,2.458937304019928,1.1840329668311402,,,58.01,1.0,4
phi1_w64,3,100,-17.169777468964458,0.9425891560316085,2.3219614171981813,1.487284925555531,,,65.06,1.0,4
phi1_w64,4,4,-5.033052368131466,1.6720877718925475,2.7788245463371277,1.377234729435295,,,26.25,1.0,4
phi1_w64,4,8,-8.485155934160575,1.2906285458803177,2.6045880579948424,1.8868552932934834,,,45.81,1.0,4
phi1_w64,4,16,-11.522208281941712,1.6828736209869384,3.3898909401893618,2.6893441621982492,,,57.93,0.98,4
phi1_w64,4,32,-10.354638993702828,1.037970362305641,2.2217818307876587,1.2441058595990762,,,55.56,1.0,4
phi1_w64,4,50,-12.041147893033921,1.020426374077797,2.144142143726349,2.819561276078224,,,60.37,1.0,4
phi1_w64,4,100,-16.03894029945135,0.9915041083097458,2.1389380264282227,2.1960277632880953,,,65.24,1.0,4
phi1_w64,5,4,-4.817232240685262,1.72623619556427,2.880199062824249,2.1004120918549596,,,25.73,1.0,4
phi1_w64,5,8,-8.460468989219516,1.3108374667167664,2.707503843307495,2.1482780810818074,,,43.27,1.0,4
phi1_w64,5,16,-10.051653108168393,1.1445143079757691,2.4399906039237975,1.8802961592422798,,,71.66,0.95,4
phi1_w64,5,32,-21.184344359561802,1.3306535106897355,2.848984093666077,1.6317747465288266,,,271.2,0.52,4
phi1_w64,5,50,-37.14584082223475,1.0976321965456008,2.4223313784599303,3.2180661637306214,,,450.92,0.11,4
phi1_w64,5,100,-66.8851919799298,1.1024815487861632,2.4142192125320436,1.8622543871805073,,,500.0,0.0,4
phi2_w128,1,4,-4.924505290235393,1.6844504404067993,2.8707966232299804,2.690823323642835,,,25.4,1.0,4
phi2_w128,1,8,-7.456962061682716,1.2599199992418288,2.6806918501853945,2.8329860062757506,,,39.39,1.0,4
phi2_w128,1,16,-8.386393562350422,1.086243520975113,2.4674247670173646,2.435140268782852,,,47.1,1.0,4
phi2_w128,1,32,-10.53814218789339,1.0136937338113785,2.226012406349182,2.7974337806797123,,,58.5,1.0,4
phi2_w128,1,50,-12.02381749331951,0.9891097527742386,2.132897434234619,1.2059361245445908,,,64.23,1.0,4
phi2_w128,1,100,-17.299445778056977,0.9654947942495347,2.013072783946991,1.9387434137221424,,,77.55,1.0,4
phi2_w128,2,4,-5.5268785777175795,1.6777684581279755,2.9057786989212038,3.040031103622168,,,27.29,1.0,4
phi2_w128,2,8,-7.378860368598253,1.2616171717643738,2.8969299387931824,2.334593677802477,,,37.97,1.0,4
phi2_w128,2,16,-8.842876665554941,1.0465966361761092,2.6789934992790223,3.6600838972069325,,,45.6,1.0,4
phi2_w128,2,32,-10.788927500620485,0.9778154343366623,2.6827077078819275,2.9414353026487516,,,52.12,1.0,4
phi2_w128,2,50,-11.962804003879429,0.9653208553791046,2.838492169380188,2.6220043720486577,,,54.35,1.0,4
phi2_w128,2,100,-15.516314973533154,0.9323841178417206,2.7965558266639707,1.5483970468919726,,,58.74,1.0,4
phi2_w128,3,4,-5.385963007817045,1.7235666441917419,2.954391040802002,1.3967352857533841,,,26.49,1.0,4
phi2_w128,3,8,-6.443400453738868,1.253237545490265,2.5873007345199586,1.6827263849647716,,,35.6,1.0,4
phi2_w128,3,16,-8.380670643914492,1.1095863944292068,2.6109943628311156,0.8894897426082753,,,43.99,1.0,4
phi2_w128,3,32,-10.281776306033134,1.027412331700325,2.585928499698639,2.5652845040673857,,,50.33,1.0,4
phi2_w128,3,50,-11.58358504973352,1.0021233999729156,2.5733174157142638,1.472548648586869,,,53.65,1.0,4
phi2_w128,3,100,-14.977671888545155,0.980781477689743,2.62356965303421,2.2620565073974435,,,57.58,1.0,4
phi2_w128,4,4,-4.974959278842435,1.661207971572876,2.8562979221343996,3.4056581008573996,,,25.78,1.0,4
phi2_w128,4,8,-6.729706768700853,1.247035197019577,2.6184191799163816,2.9713885775441304,,,37.73,1.0,4
phi2_w128,4,16,-8.3813447188586,1.0616140425205232,2.3891052746772767,2.9641715150582604,,,47.02,1.0,4
phi2_w128,4,32,-9.802308955974876,0.9888981068134308,2.2940248131752012,1.7715777672699187,,,51.77,1.0,4
phi2_w128,4,50,-11.321776946522295,0.9562159740924835,2.222167055606842,2.018860941085499,,,55.92,1.0,4
phi2_w128,4,100,-14.998255318775772,0.9378738725185394,2.1917848491668703,2.2951577339189124,,,60.66,1.0,4
phi2_w128,5,4,-4.987335323728621,1.6794701516628265,2.90103572845459,2.8131594547536225,,,25.77,1.0,4
phi2_w128,5,8,-7.443913259673864,1.2498198264837266,2.6371158933639527,2.661483365885215,,,39.12,1.0,4
phi2_w128,5,16,-9.063790589924901,1.0710901087522506,2.4608552742004393,1.1733188076131045,,,65.84,0.99,4
phi2_w128,5,32,-16.498442444521935,1.013429986834526,2.5740430521965028,1.6811260932998267,,,205.18,0.72,4
phi2_w128,5,50,-28.945174101777376,1.0459997075796128,3.0002021861076353,1.90333533706069,,,353.76,0.36,4
phi2_w128,5,100,-57.28637576244771,1.0783567494153976,3.966985082626343,2.7262707940928634,,,465.21,0.08,4
phi2_w32,1,4,-6.069155347794294,1.715000114440918,2.9226342988014222,2.122077336832881,,,29.52,1.0,4
phi2_w32,1,8,-7.692199581731111,1.3041913688182831,2.647745518684387,2.2650339676020668,,,40.56,1.0,4
phi2_w32,1,16,-9.21098609937355,1.1151940393447877,2.408995494842529,1.5507907364284619,,,48.62,1.0,4
phi2_w32,1,32,-10.792552647031844,1.0656566935777665,2.4419570064544676,4.334417349507566,,,53.41,1.0,4
phi2_w32,1,50,-12.825026630088686,1.0435170203447341,2.3646223664283754,1.3729979881156238,,,56.97,1.0,4
phi2_w32,1,100,-16.966267602816224,1.026103942990303,2.2599517202377317,1.617005393540091,,,60.85,1.0,4
phi2_w32,2,4,-5.729140271330253,1.6316300129890442,2.839379942417145,3.1433637777372496,,,28.82,1.0,4
phi2_w32,2,8,-7.872998884338886,1.1743411946296691,2.6286105942726135,2.945059139302466,,,41.34,1.0,4
phi2_w32,2,16,-8.99604060791433,1.0309533721208572,2.7531932377815247,2.4528495702263897,,,47.54,1.0,4
phi2_w32,2,32,-10.893019505143165,0.9461464977264404,2.3921584844589234,1.5721866876096464,,,54.92,1.0,4
phi2_w32,2,50,-12.175172669105232,0.9200133681297302,2.28688734292984,2.339912734789215,,,61.9,1.0,4
phi2_w32,2,100,-18.097737480849027,0.85169524371624,2.2040395975112914,2.200721006677928,,,89.71,1.0,4
phi2_w32,3,4,-5.7501412859000265,1.7133135759830476,2.9606839489936827,1.8716145081585274,,,28.54,1.0,4
phi2_w32,3,8,-7.198916912088171,1.2816981518268584,2.5009032344818114,1.9965152706066147,,,48.08,1.0,4
phi2_w32,3,16,-11.522876116130501,1.2040218889713288,2.216166021823883,3.314554156549275,,,155.1,1.0,4
phi2_w32,3,32,-28.12188251901418,1.077305210828781,2.6672647404670715,1.9364467066479847,,,462.65,0.09,4
phi2_w32,3,50,-38.34478789240122,1.0882540667057037,2.7783729004859925,1.8171267566651104,,,500.0,0.0,4
phi2_w32,3,100,-62.690097112208605,1.0669020420312882,2.8890221381187438,1.5322437810461969,,,500.0,0.0,4
phi2_w32,4,4,-5.529357071043924,1.7016972613334655,2.8785371732711793,1.0234880260378123,,,27.3,1.0,4
phi2_w32,4,8,-7.415655889017508,1.2387507468461991,2.5920305490493774,2.679511939138174,,,40.68,1.0,4
phi2_w32,4,16,-8.91688319735229,1.067093095779419,2.2757006764411924,1.2360923858126625,,,51.59,1.0,4
phi2_w32,4,32,-11.07924276843667,1.0363497245311737,2.1883297753334046,0.875538804109674,,,62.26,1.0,4
phi2_w32,4,50,-12.890207263231277,1.0109960061311722,2.111729371547699,1.2533982462123037,,,67.94,1.0,4
phi2_w32,4,100,-17.46143552787602,0.9675499165058136,2.0817951345443726,2.9302858617197725,,,79.73,1.0,4
phi2_w32,5,4,-5.079055138849653,1.6146769213676453,2.756443803310394,1.3393709930032491,,,26.45,1.0,4
phi2_w32,5,8,-7.2929494100157175,1.2504045706987381,2.4519225931167603,2.111116110482253,,,49.45,1.0,4
phi2_w32,5,16,-11.922046722490341,1.081184297800064,2.20171128988266,1.2659238934516908,,,163.61,0.98,4
phi2_w32,5,32,-25.091560516506433,1.0348323422670365,2.382766864299774,2.743691169002559,,,400.04,0.62,4
phi2_w32,5,50,-37.218760701008144,1.0711285477876664,3.346456460952759,2.2937644449055195,,,487.73,0.08,4
phi2_w32,5,100,-60.04810076087713,1.0751857525110244,4.049085204601288,2.2646393520671877,,,500.0,0.0,4
phi2_w64,1,4,-4.935210783416405,1.7496335554122924,2.788839876651764,2.6079758790507914,,,25.74,1.0,4
phi2_w64,1,8,-7.147697115000337,1.3042220675945282,2.595199544429779,4.482141133937985,,,38.39,1.0,4
phi2_w64,1,16,-8.357850368469954,1.1427239185571672,2.478721206188202,2.411187145113945,,,46.1,1.0,4
phi2_w64,1,32,-10.386919015124441,1.0651109796762466,2.368626821041107,1.5236946404352785,,,51.68,1.0,4
phi2_w64,1,50,-12.56631892517209,1.0269502067565919,2.34862309217453,1.1417900980472566,,,56.67,1.0,4
phi2_w64,1,100,-17.2741765666008,1.0000041228532792,2.332347981929779,0.9917015649154783,,,62.58,1.0,4
phi2_w64,2,4,-5.158471478158608,1.684383395910263,2.81943142414093,2.9296287311799825,,,26.44,1.0,4
phi2_w64,2,8,-7.556431086855009,1.2853532749414445,2.6027547454833986,2.6200144966505468,,,40.06,1.0,4
phi2_w64,2,16,-8.892090452611447,1.1209487253427506,2.533992989063263,1.3983229126688093,,,46.11,1.0,4
phi2_w64,2,32,-10.608549216426908,1.0609049320220947,2.7509350109100343,1.6639343446004204,,,52.94,1.0,4
phi2_w64,2,50,-12.198823820352555,1.0180060577392578,2.6034973669052124,1.830035547274351,,,55.63,1.0,4
phi2_w64,2,100,-15.53575587823987,0.989160829782486,2.464632737636566,1.753746190572716,,,61.24,1.0,4
phi2_w64,3,4,-4.9759132145624605,1.7193127918243407,2.882357130050659,3.3252883665217086,,,25.73,1.0,4
phi2_w64,3,8,-6.883038706555962,1.229030693769455,2.603173577785492,2.2834066065819933,,,37.6,1.0,4
phi2_w64,3,16,-8.370231724511832,1.08788152217865,2.4849237179756165,2.6059412901103496,,,46.25,1.0,4
phi2_w64,3,32,-10.30379465200007,1.0074425625801087,2.3472374153137205,1.5990532415243797,,,53.22,1.0,4
phi2_w64,3,50,-11.712958422973752,0.9877731055021286,2.263518395423889,1.5075198477065193,,,57.16,1.0,4
phi2_w64,3,100,-14.790404295995831,0.9680092948675155,2.30487233877182,1.3647887658087534,,,60.07,1.0,4
phi2_w64,4,4,-5.180548115628771,1.657589544057846,2.7878618812561036,3.6254895460419356,,,26.09,1.0,4
phi2_w64,4,8,-7.422147584203631,1.2734518909454347,2.6304847741127015,2.1919858130440115,,,39.2,1.0,4
phi2_w64,4,16,-8.485007874071599,1.1384900677204133,2.498980441093445,1.2867059452133254,,,47.25,1.0,4
phi2_w64,4,32,-11.29383720330894,1.2703864735364914,2.7121289443969725,2.0695397885964484,,,58.87,0.99,4
phi2_w64,4,50,-11.593980527594686,1.0289686489105225,2.1838831186294554,1.6906519978940486,,,57.57,1.0,4
phi2_w64,4,100,-15.55336111009121,1.0073057824373246,2.106298954486847,0.8910285107595846,,,63.49,1.0,4
phi2_w64,5,4,-4.9411775438115,1.6960040152072906,2.8209587121009827,3.924300981089473,,,25.69,1.0,4
phi2_w64,5,8,-10.92048751632683,1.985379456281662,3.8782899141311646,2.082356063658372,,,59.31,0.97,4
phi2_w64,5,16,-12.140364635009318,1.5861526238918304,3.1392560839653014,1.7933106828294694,,,91.26,0.98,4
phi2_w64,5,32,-16.480994864590468,1.049170897603035,2.2337117052078246,2.0773196098871995,,,205.02,0.81,4
phi2_w64,5,50,-25.210042763836682,1.0231022620201111,2.2831609272956848,2.527033174008876,,,274.16,0.7,4
phi2_w64,5,100,-48.31175207585096,1.0109616202116012,2.6728752970695497,2.0424879751063885,,,360.54,0.41,4
phi4_w128,1,4,-5.05267069876194,1.7261258947849274,2.9567367315292357,3.517163112666458,,,26.02,1.0,4
phi4_w128,1,8,-7.449238866828382,1.2663251286745072,2.6491138529777527,2.063432086412795,,,39.0,1.0,4
phi4_w128,1,16,-8.779768444169314,1.1202298790216445,2.588652493953705,2.0544093066675124,,,45.7,1.0,4
phi4_w128,1,32,-11.274072058424354,1.0373635053634644,2.6001102042198183,2.5119305702479324,,,55.17,1.0,4
phi4_w128,1,50,-13.107993800342083,1.0142397964000702,2.4839101672172545,1.7105401128444822,,,61.76,1.0,4
phi4_w128,1,100,-19.213084327429534,0.9841866815090179,2.386376531124115,2.1717026211300863,,,76.91,1.0,4
phi4_w128,2,4,-4.789583546817303,1.651078346967697,2.733847734928131,2.8027817631699143,,,26.87,1.0,4
phi4_w128,2,8,-6.8465065931156275,1.2691734039783478,2.472047920227051,1.7284925108961762,,,42.16,1.0,4
phi4_w128,2,16,-9.000188385881483,1.105270744562149,2.216288378238678,1.9373292884835973,,,65.41,1.0,4
phi4_w128,2,32,-11.653010006919503,1.039694178700447,2.1142608761787414,2.5243608718950417,,,80.07,1.0,4
phi4_w128,2,50,-14.222461694553495,1.0166423904895783,2.111317207813263,2.818199920028448,,,88.56,1.0,4
phi4_w128,2,100,-19.774936663135886,0.9967048907279968,2.1125833344459535,2.5483078084703537,,,94.81,1.0,4
phi4_w128,3,4,-4.988887908258476,1.7498898530006408,3.012673766613007,3.0938772290665657,,,26.25,1.0,4
phi4_w128,3,8,-7.033633008524776,1.223131810426712,2.5680314087867737,2.5306193385738878,,,45.07,1.0,4
phi4_w128,3,16,-9.978653946965933,1.0836789685487747,2.4070643305778505,2.180843398142606,,,99.53,1.0,4
phi4_w128,3,32,-19.04145315553993,1.015675155520439,2.491212475299835,0.747137265514466,,,264.52,0.66,4
phi4_w128,3,50,-29.457195686213673,1.0186422663927077,2.826075885295868,1.7478333805344533,,,359.24,0.42,4
phi4_w128,3,100,-55.72006263561547,1.0179871332645416,3.7687981629371645,2.154664980933815,,,440.5,0.15,4
phi4_w128,4,4,-5.93100903681945,1.610721937417984,2.6807722425460816,2.1805735820019616,,,30.87,1.0,4
phi4_w128,4,8,-9.161466477802023,1.4966461175680161,3.026212067604065,2.19671436002478,,,49.16,0.99,4
phi4_w128,4,16,-9.27364780869335,1.1134251272678375,2.3161805725097655,3.0509107254666743,,,61.5,1.0,4
phi4_w128,4,32,-13.331983950436115,1.0312975347042084,2.2238324737548827,2.5676412433868974,,,114.54,1.0,4
phi4_w128,4,50,-26.055498817712067,0.9807402324676514,2.2034083199501038,2.143900804702379,,,302.27,0.73,4
phi4_w128,4,100,-56.39599502310157,0.9501456308364868,2.2249981641769407,1.3508213861189784,,,472.45,0.09,4
phi4_w128,5,4,-5.7392611613217746,1.7079771983623504,2.921294717788696,1.380747846662998,,,27.85,1.0,4
phi4_w128,5,8,-6.886198946321383,1.267712688446045,2.657463207244873,2.731037089219317,,,37.45,1.0,4
phi4_w128,5,16,-8.823047651369125,1.0915569001436234,2.532336640357971,2.355900481750723,,,45.6,1.0,4
phi4_w128,5,32,-10.475400511696934,1.0413225585222243,2.4369615721702576,2.8992763585408103,,,54.59,1.0,4
phi4_w128,5,50,-12.447683819755913,1.0186254179477692,2.3979407930374146,1.4723205447025598,,,64.41,1.0,4
phi4_w128,5,100,-20.71458678908646,0.9777094560861588,2.289852647781372,2.7960820885321125,,,110.96,1.0,4
phi4_w32,1,4,-5.625064210784622,1.7910317969322205,2.947431938648224,2.6552681166492405,,,27.89,1.0,4
phi4_w32,1,8,-9.340078358380124,1.296892479658127,2.5484015369415283,2.920187162961811,,,83.99,1.0,4
phi4_w32,1,16,-23.223575852569194,1.126201024055481,2.269902217388153,2.0778506119106894,,,495.61,0.01,4
phi4_w32,1,32,-34.98071448780596,1.1437192070484161,2.6334884786605834,1.7804470203035452,,,500.0,0.0,4
phi4_w32,1,50,-46.558296238593755,1.1461633431911469,2.7707610964775085,1.1223779107164242,,,500.0,0.0,4
phi4_w32,1,100,-82.42252905517816,1.1205013281106948,2.877731535434723,1.4055146338860505,,,500.0,0.0,4
phi4_w32,2,4,-5.176442210227251,1.6471245467662812,2.8678639936447143,3.017975457529537,,,26.57,1.0,4
phi4_w32,2,8,-7.281750106448308,1.172681513428688,2.4955437183380127,2.243317533559166,,,45.32,1.0,4
phi4_w32,2,16,-10.250299797635526,0.987191663980484,2.2276906061172483,2.726076822116156,,,88.97,1.0,4
phi4_w32,2,32,-16.983632944785057,0.9085713315010071,2.1668326592445375,1.6937357172259362,,,218.31,1.0,4
phi4_w32,2,50,-25.005777598023414,0.8889489364624024,2.1727763485908507,1.8095628432886677,,,307.61,0.94,4
phi4_w32,2,100,-53.619281547144055,0.8593207418918609,2.9697567629814148,1.1364679692453006,,,479.22,0.08,4
phi4_w32,3,4,-5.187202341542579,1.7142010676860808,2.901733675003052,3.535014053345658,,,26.95,1.0,4
phi4_w32,3,8,-7.006463683843613,1.2480615431070328,2.4378216671943664,1.5097784995753318,,,44.91,1.0,4
phi4_w32,3,16,-9.301804753206671,1.1319602328538894,2.247723982334137,1.6616161226318218,,,83.44,1.0,4
phi4_w32,3,32,-17.572148839049042,1.0704830396175384,2.1283056569099426,2.1753995684348046,,,224.66,0.94,4
phi4_w32,3,50,-24.804399750456213,1.0478628730773927,2.116389796733856,1.0452613206088543,,,274.2,0.96,4
phi4_w32,3,100,-50.23888318769634,1.0217419397830962,2.094600512981415,2.7559635494709016,,,382.05,0.82,4
phi4_w32,4,4,-4.877554511548952,1.6959649527072906,2.8806972074508668,1.982903343332,,,25.49,1.0,4
phi4_w32,4,8,-7.801880563851446,1.270832960009575,2.6485661387443544,2.8549666234385223,,,41.84,1.0,4
phi4_w32,4,16,-8.754918379131704,1.116802864074707,2.504779381752014,1.2224604721833021,,,48.9,1.0,4
phi4_w32,4,32,-10.610182173661888,1.0293289810419082,2.337617633342743,0.8143036891700467,,,59.67,1.0,4
phi4_w32,4,50,-12.64461002960801,1.0103844845294951,2.2363915848731994,1.8559449057769029,,,67.33,1.0,4
phi4_w32,4,100,-17.48613565437496,0.9959722518920898,2.126750156879425,0.7556666713910176,,,78.98,1.0,4
phi4_w32,5,4,-5.41244505546987,1.689697072505951,2.817422730922699,3.058905604602769,,,27.8,1.0,4
phi4_w32,5,8,-8.09929422710091,1.2691781389713288,2.491679654121399,2.699916477326769,,,42.89,1.0,4
phi4_w32,5,16,-9.217251257635652,1.1420230120420456,2.4891801691055297,1.1169049452256876,,,49.16,1.0,4
phi4_w32,5,32,-10.915242843702435,1.060883018374443,2.4007758402824404,1.5928783609787933,,,54.47,1.0,4
phi4_w32,5,50,-13.080720819719136,1.0386791706085206,2.4208207607269285,2.712349379968643,,,59.17,1.0,4
phi4_w32,5,100,-16.22494780138135,1.0094460225105286,2.3191844844818115,1.774646833407879,,,62.55,1.0,4
phi4_w64,1,4,-5.654707888304256,1.6601571178436278,2.874001455307007,2.444375313203782,,,28.05,1.0,4
phi4_w64,1,8,-7.536847723610699,1.1882622647285461,2.6642762875556945,1.8334347727545537,,,39.9,1.0,4
phi4_w64,1,16,-9.456274067871272,0.9683482718467712,2.2994400453567505,0.786671801576158,,,51.87,1.0,4
phi4_w64,1,32,-11.167853481974452,0.9108399611711502,2.0934437131881714,1.6320025467139203,,,59.81,1.0,4
phi4_w64,1,50,-12.92147951964289,0.8961721122264862,2.055565812587738,1.3111640117693693,,,64.42,1.0,4
phi4_w64,1,100,-16.436034268140794,0.8980988526344299,2.04835250377655,1.0307980957337655,,,68.54,1.0,4
phi4_w64,2,4,-4.941649114182219,1.7479857945442199,2.914392430782318,2.972000686349347,,,26.09,1.0,4
phi4_w64,2,8,-7.1961246342584495,1.230233216881752,2.47051931142807,1.1810920214420184,,,41.02,1.0,4
phi4_w64,2,16,-8.873659736048431,1.0566731882095337,2.213414309024811,2.1603519699163733,,,57.42,1.0,4
phi4_w64,2,32,-12.125103338100017,0.9947858589887619,2.118979284763336,1.4662940386595438,,,90.08,1.0,4
phi4_w64,2,50,-15.21210557539016,0.9730087411403656,2.217708475589752,1.232230990199931,,,102.34,0.99,4
phi4_w64,2,100,-35.35391201674938,0.9642297738790512,2.5887682223320008,1.1796384619422258,,,222.27,0.7,4
phi4_w64,3,4,-5.981071480568499,1.7260185742378236,2.9376132464408875,3.0487233344465494,,,28.46,1.0,4
phi4_w64,3,8,-8.021267522713169,1.3099996680021286,2.755913405418396,2.206130499895662,,,40.15,1.0,4
phi4_w64,3,16,-8.807690907903016,1.1324797642230988,2.660133922100067,3.1519401696976272,,,45.02,1.0,4
phi4_w64,3,32,-10.744701723679901,1.0249565482139587,2.473103258609772,2.712694176143268,,,50.89,1.0,4
phi4_w64,3,50,-12.285886225178837,0.9892802268266678,2.4105633687973023,2.5064176042616366,,,54.51,1.0,4
phi4_w64,3,100,-16.921473195627332,0.9653939568996429,2.335610554218292,1.8291089480373077,,,63.06,1.0,4
phi4_w64,4,4,-5.468400490703061,1.665837001800537,2.7809113478660583,2.2101814658381045,,,27.64,1.0,4
phi4_w64,4,8,-8.200973868705333,1.2610316282510758,2.466942629814148,2.808913155253977,,,58.35,1.0,4
phi4_w64,4,16,-17.706420632805674,1.3240969282388688,4.142731962203979,2.1833534528152088,,,330.08,0.4,4
phi4_w64,4,32,-30.378968349061907,1.4811717212200164,6.742028257846832,2.7660048444475978,,,482.68,0.04,4
phi4_w64,4,50,-40.45538522709161,1.5516731595993043,7.964116387367248,2.4037407216370106,,,500.0,0.0,4
phi4_w64,4,100,-63.636326177790764,1.6353792297840117,9.136001267433166,2.9056955783270304,,,500.0,0.0,4
phi4_w64,5,4,-5.120187369883061,1.7669292080402375,2.9392016386985778,2.7361579634808004,,,25.62,1.0,4
phi4_w64,5,8,-6.752572815511376,1.3000013917684554,2.8205778884887693,3.6880586331011727,,,36.4,1.0,4
phi4_w64,5,16,-8.058857564032078,1.1124150085449218,2.774538667201996,1.8661461595632136,,,43.33,1.0,4
phi4_w64,5,32,-9.61022223815322,1.0238349521160126,2.7351531553268433,0.9626596954814158,,,48.13,1.0,4
phi4_w64,5,50,-11.53037629108876,0.9784481728076935,2.6599502062797544,2.196247625719756,,,52.35,1.0,4
phi4_w64,5,100,-15.292801746129989,0.9656734478473663,2.685368673801422,2.6516248042100106,,,57.5,1.0,4
phi1_w128,1,4,-5.86860813064035,1.5795890760421754,2.807595844268799,3.7396802189853044,,,29.44,1.0,16
phi1_w128,1,8,-7.6326447509415445,0.9661793053150177,2.7079142928123474,1.1895126091549173,,,40.74,1.0,16
phi1_w128,1,16,-9.360175930615515,0.6868259221315384,2.7721124577522276,1.1876755161471373,,,49.67,1.0,16
phi1_w128,1,32,-10.68755645506084,0.5369843584299088,2.7767518734931946,0.8978558064198296,,,53.81,1.0,16
phi1_w128,1,50,-12.314429649710656,0.4882239159941673,2.7125871777534485,0.82076637055818,,,58.66,1.0,16
phi1_w128,1,100,-16.147400451637804,0.4408710080385208,2.7009525012969973,0.8003550971530144,,,65.83,1.0,16
phi1_w128,2,4,-6.063012788519263,1.6586387491226195,2.847170214653015,2.426201191395521,,,29.64,1.0,16
phi1_w128,2,8,-7.525252849943936,1.2277992737293244,2.7393169379234314,2.256287979306653,,,39.46,1.0,16
phi1_w128,2,16,-9.397334078717977,1.0441750860214234,2.802109444141388,1.1549236591067165,,,48.13,1.0,16
phi1_w128,2,32,-11.116046821288764,0.935092602968216,2.6554583597183226,2.1685021655815944,,,52.89,1.0,16
phi1_w128,2,50,-12.971238674633206,0.9157436549663543,2.792249629497528,1.6159791865924373,,,56.12,1.0,16
phi1_w128,2,100,-17.116062407642602,0.8745765852928161,2.7741744804382322,2.2179290099192412,,,61.82,1.0,16
phi1_w128,3,4,-5.903300777766853,1.6858646845817566,2.920690257549286,2.5679554076306523,,,29.59,1.0,16
phi1_w128,3,8,-8.416390480613336,1.1875761145353316,2.758607828617096,2.8361357039608994,,,42.58,1.0,16
phi1_w128,3,16,-9.737489561978727,1.0075400221347808,2.724188005924225,1.5832097493635957,,,49.37,1.0,16
phi1_w128,3,32,-11.578337523490191,0.9181800103187561,2.7499207353591917,1.7449484274728457,,,55.56,1.0,16
phi1_w128,3,50,-13.452254811115562,0.8934150272607804,2.755065093040466,1.1508405767113903,,,59.41,1.0,16
phi1_w128,3,100,-17.431893517896533,0.8696657156944275,2.7381167459487914,2.0803047100477854,,,64.94,1.0,16
phi1_w128,4,4,-6.422685219012201,1.622960945367813,2.846573395729065,2.7916009808611126,,,31.07,1.0,16
phi1_w128,4,8,-7.645460465252399,1.042194392681122,2.642853486537933,2.0635829327080866,,,39.97,1.0,16
phi1_w128,4,16,-9.085542057966814,0.7920283675193787,2.809025568962097,1.3863705893658334,,,47.56,1.0,16
phi1_w128,4,32,-10.808567789588123,0.6253878006339073,2.816104989051819,1.981877840628731,,,52.94,1.0,16
phi1_w128,4,50,-12.124132271409035,0.5534007629752159,2.8274327397346495,1.5116331038670614,,,56.35,1.0,16
phi1_w128,4,100,-15.211141098067165,0.48776129335165025,2.839179801940918,0.3386102752815233,,,59.71,1.0,16
phi1_w128,5,4,-6.251453108224086,1.6569061267375946,2.848027729988098,2.8124051433056594,,,30.66,1.0,16
phi1_w128,5,8,-7.454874863317237,1.1525539451837539,2.7315145778656005,2.154640430030413,,,39.99,1.0,16
phi1_w128,5,16,-9.479112426862121,0.9125610363483428,2.603436071872711,1.6180650417319702,,,48.37,1.0,16
phi1_w128,5,32,-11.209433289654553,0.8493429481983185,2.5114081072807313,0.7885565281413437,,,57.21,1.0,16
phi1_w128,5,50,-13.364633985944092,0.811855850815773,2.3201622056961058,1.6294332400416953,,,70.25,1.0,16
phi1_w128,5,100,-20.21585444830358,0.730712680220604,2.2337407279014587,1.4523714610639842,,,114.87,1.0,16
phi1_w32,1,4,-5.99206417996902,1.6877964055538177,2.9894395446777344,4.279570386144332,,,29.46,1.0,16
phi1_w32,1,8,-8.067337111793458,1.081118301153183,2.735871148109436,1.5710093409987167,,,41.15,1.0,16
phi1_w32,1,16,-9.233857554784045,0.8677479362487793,2.802052364349365,1.2743983383725572,,,46.64,1.0,16
phi1_w32,1,32,-11.242919038049877,0.7456348723173142,2.7606356930732727,1.752723610580142,,,53.62,1.0,16
phi1_w32,1,50,-13.066143382415175,0.7018220871686935,2.808504276275635,1.0412897040747107,,,56.82,1.0,16
phi1_w32,1,100,-16.329768000915646,0.6704621058702469,2.749494755268097,0.8636080231019995,,,59.9,1.0,16
phi1_w32,2,4,-6.206285294843838,1.606291913986206,2.749974510669708,1.3352616505417974,,,30.22,1.0,16
phi1_w32,2,8,-7.678629127247259,1.1584074401855469,2.767537670135498,2.5743739218777044,,,39.98,1.0,16
phi1_w32,2,16,-8.963461647313089,0.9124305945634842,2.6287323379516603,1.1971369586826768,,,46.91,1.0,16
phi1_w32,2,32,-10.708700010683387,0.8059085327386856,2.7713169145584104,1.60025948000286,,,51.66,1.0,16
phi1_w32,2,50,-12.142201525084674,0.7552911514043807,2.72703138589859,0.7158754433736205,,,55.71,1.0,16
phi1_w32,2,100,-15.1998819450289,0.7324320566654205,2.796151933670044,1.188317337126471,,,58.59,1.0,16
phi1_w32,3,4,-6.079724994506687,1.6237644684314727,2.6356427478790283,3.497250834852457,,,31.32,1.0,16
phi1_w32,3,8,-7.992062338134274,1.2679312175512314,2.68430116891861,2.171364602134563,,,41.88,1.0,16
phi1_w32,3,16,-9.387915088888258,1.0845946204662322,2.6193295168876647,2.422434597683605,,,48.71,1.0,16
phi1_w32,3,32,-10.741678579486907,1.0139387780427933,2.6593093633651734,1.7730456787289586,,,53.5,1.0,16
phi1_w32,3,50,-12.007012415006757,0.9914907073974609,2.581007444858551,2.6811900673106313,,,56.45,1.0,16
phi1_w32,3,100,-15.738550727218389,0.9665331137180329,2.452902014255524,1.2152645918846132,,,62.12,1.0,16
phi1_w32,4,4,-6.350324076805264,1.6639319503307342,2.9211580109596254,2.620076196137816,,,31.02,1.0,16
phi1_w32,4,8,-8.43016663703136,0.9387655168771744,2.801721510887146,0.8435438049538061,,,43.16,1.0,16
phi1_w32,4,16,-9.897634865818546,0.6450779563188553,2.774903814792633,0.8390870590676787,,,50.96,1.0,16
phi1_w32,4,32,-11.409440815988928,0.49502949029207227,2.785600383281708,0.9651630306067819,,,55.55,1.0,16
phi1_w32,4,50,-12.855035570971667,0.45456787943840027,2.8699259614944457,0.7641041049818043,,,58.75,1.0,16
phi1_w32,4,100,-16.459209855012595,0.41193115174770356,2.8209610557556153,0.4904046307162847,,,64.09,1.0,16
phi1_w32,5,4,-5.957568743918091,1.6252591943740844,2.8391725993156434,1.8530333289550618,,,29.55,1.0,16
phi1_w32,5,8,-7.691051943665371,1.1197043359279633,2.6798907828330996,1.6218712155881803,,,39.64,1.0,16
phi1_w32,5,16,-8.755551805645228,0.956134227514267,2.6354632568359375,1.863621146575897,,,47.31,1.0,16
phi1_w32,5,32,-11.28733405470848,0.88521533370018,2.370686454772949,0.9964413513595355,,,67.21,1.0,16
phi1_w32,5,50,-14.179047721587121,0.8533773458003998,2.31827442407608,2.399070711016515,,,104.82,1.0,16
phi1_w32,5,100,-42.630119520798324,0.7802662640810013,2.2609049892425537,1.0142202300571255,,,401.73,0.31,16
phi1_w64,1,4,-6.067593396492303,1.668567534685135,2.939228901863098,2.7147235555108638,,,29.23,1.0,16
phi1_w64,1,8,-7.96579292723909,1.0808524519205094,2.853875768184662,1.9497856189170852,,,40.04,1.0,16
phi1_w64,1,16,-10.289462528619914,0.7739077365398407,2.8500547003746033,0.6299504144868115,,,51.32,1.0,16
phi1_w64,1,32,-12.175888077765704,0.6448153740167618,2.8864916133880616,1.1923199669725728,,,57.58,1.0,16
phi1_w64,1,50,-14.352019286006689,0.5956939449906349,2.8793373274803162,1.7052235619839746,,,62.93,1.0,16
phi1_w64,1,100,-18.900004093758763,0.5578655534982682,2.7748629069328308,2.167490010497882,,,69.55,1.0,16
phi1_w64,2,4,-5.718667748398148,1.7035300076007842,2.8617779994010926,2.1245255001913756,,,29.02,1.0,16
phi1_w64,2,8,-7.814107006648555,1.1506243872642516,2.690677523612976,1.1140306937298738,,,41.29,1.0,16
phi1_w64,2,16,-9.115207442864776,0.950383934378624,2.6449261116981506,1.3119564400537638,,,48.4,1.0,16
phi1_w64,2,32,-10.856350622884928,0.8541442143917084,2.6433787155151367,1.6061711419298081,,,53.84,1.0,16
phi1_w64,2,50,-12.244147060737014,0.8266756135225296,2.670021724700928,0.8061410206411034,,,57.09,1.0,16
phi1_w64,2,100,-15.552444819509983,0.7940415346622467,2.590575351715088,1.8000618943982758,,,62.55,1.0,16
phi1_w64,3,4,-5.46668662450742,1.6708264684677123,2.935161061286926,3.4147023371281104,,,27.63,1.0,16
phi1_w64,3,8,-7.3423364038206635,1.0584118515253067,2.760869905948639,1.8220362738671247,,,39.78,1.0,16
phi1_w64,3,16,-9.758674239758403,0.7988291919231415,2.7131544589996337,1.8001646229869221,,,49.78,1.0,16
phi1_w64,3,32,-11.617303512133658,0.6598797461390495,2.761059219837189,0.8827851309979451,,,55.98,1.0,16
phi1_w64,3,50,-13.76982157824561,0.6061001205444336,2.7793814444541933,0.5587743800230325,,,61.68,1.0,16
phi1_w64,3,100,-17.688589327260853,0.5677740770578384,2.774071674346924,1.3162440012262437,,,66.92,1.0,16
phi1_w64,4,4,-6.393719419548288,1.5987521839141845,2.7299657344818113,2.047402747347951,,,31.17,1.0,16
phi1_w64,4,8,-8.45526422476396,1.103001312017441,2.64106641292572,1.1367081399308518,,,43.37,1.0,16
phi1_w64,4,16,-10.400449118828401,0.8305537277460098,2.6711528182029722,1.1275944199686636,,,52.32,1.0,16
phi1_w64,4,32,-12.133440119195729,0.7003165620565415,2.649454436302185,1.0895191450294806,,,57.42,1.0,16
phi1_w64,4,50,-13.95420511867851,0.6515992945432663,2.5764845061302184,1.6081411627638618,,,60.57,1.0,16
phi1_w64,4,100,-18.508959586434067,0.595221905708313,2.5528573846817015,0.6929896570757963,,,67.47,1.0,16
phi1_w64,5,4,-5.714365982571617,1.605361384153366,2.855656316280365,3.826036541205831,,,28.11,1.0,16
phi1_w64,5,8,-7.44573474438861,1.0655473756790161,2.796315972805023,2.5305255768215282,,,38.87,1.0,16
phi1_w64,5,16,-9.039966248394922,0.8168700098991394,2.7846767282485962,1.9480747760308441,,,48.07,1.0,16
phi1_w64,5,32,-10.337966892775148,0.6990169239044189,2.724639768600464,1.5886329766031122,,,52.03,1.0,16
phi1_w64,5,50,-11.805349147673697,0.6543534338474274,2.7534988951683044,2.490603922408074,,,55.89,1.0,16
phi1_w64,5,100,-15.20895672045648,0.6308580154180526,2.774243290424347,1.5241581803344189,,,61.65,1.0,16
phi2_w128,1,4,-5.80624340669252,1.7055101144313811,2.911038455963135,2.5913900319021197,,,28.74,1.0,16
phi2_w128,1,8,-8.371767422007396,1.1985889506340026,2.715446584224701,2.410109112409409,,,41.63,1.0,16
phi2_w128,1,16,-9.84239745279774,1.0300953364372254,2.79306280374527,1.3321919154934585,,,49.09,1.0,16
phi2_w128,1,32,-12.206797302160412,0.932134165763855,2.7776189184188844,1.4712096891968394,,,55.55,1.0,16
phi2_w128,1,50,-13.900100780948996,0.9073986035585403,2.7599624824523925,2.9417446719484404,,,59.34,1.0,16
phi2_w128,1,100,-18.741234229654072,0.8832705473899841,2.875700147151947,0.6807026868726127,,,65.04,1.0,16
phi2_w128,2,4,-6.29220837900415,1.6681368887424468,2.9770919275283814,3.7855375761538745,,,30.21,1.0,16
phi2_w128,2,8,-7.973496353803203,1.0248647314310073,2.7989191937446596,1.293109433868667,,,39.81,1.0,16
phi2_w128,2,16,-9.01606258337386,0.7779819995164872,2.8237689304351807,1.977937659600284,,,47.44,1.0,16
phi2_w128,2,32,-10.916632585078478,0.6296665015816688,2.837332947254181,1.4354933183868708,,,53.23,1.0,16
phi2_w128,2,50,-12.18338063120842,0.596743740439415,2.8038969111442564,0.6563603677442298,,,56.05,1.0,16
phi2_w128,2,100,-15.239552644118668,0.547331183552742,2.7513584089279175,2.609776745951222,,,61.04,1.0,16
phi2_w128,3,4,-6.901741752619855,1.4205648696422577,2.429201009273529,1.5774032576102763,,,34.72,1.0,16
phi2_w128,3,8,-12.48075687113218,1.5238768303394317,3.326498131752014,1.6417195314005948,,,57.54,0.98,16
phi2_w128,3,16,-11.899162998124957,0.7779463958740235,2.5692561197280885,0.950564221178065,,,58.3,1.0,16
phi2_w128,3,32,-15.189002966042608,0.6296446001529694,2.5810666513442992,1.4547641392040531,,,67.89,1.0,16
phi2_w128,3,50,-18.310180109366776,0.5619963255524635,2.625419714450836,1.106595945205912,,,75.44,1.0,16
phi2_w128,3,100,-24.234816666916014,0.48009450614452365,2.6085593771934508,1.2605105889236554,,,84.91,1.0,16
phi2_w128,4,4,-5.79484342943877,1.606939822435379,2.8443186330795287,1.3419906718470156,,,28.58,1.0,16
phi2_w128,4,8,-7.255873894905672,1.00666510283947,2.7554563212394716,2.414136902973987,,,37.98,1.0,16
phi2_w128,4,16,-8.941636546850205,0.7564200377464294,2.7374080061912536,0.7253279720171122,,,46.6,1.0,16
phi2_w128,4,32,-11.097410898339003,0.6331266987323761,2.772481427192688,1.4983937593597512,,,53.52,1.0,16
phi2_w128,4,50,-12.601591234635562,0.5978021863102913,2.821029224395752,0.908314528180007,,,56.74,1.0,16
phi2_w128,4,100,-15.690807305499911,0.560388594865799,2.9274859023094177,1.2518920074734603,,,61.16,1.0,16
phi2_w128,5,4,-6.094124963181093,1.584627892971039,2.759870193004608,2.155746908218134,,,30.38,1.0,16
phi2_w128,5,8,-8.619675898216665,1.0856059509515763,2.7574924349784853,1.8369606003537775,,,42.97,1.0,16
phi2_w128,5,16,-10.533833454027771,0.8478253388404846,2.820243189334869,1.2070884772227146,,,51.52,1.0,16
phi2_w128,5,32,-12.441562162023038,0.7302313715219497,2.7470637917518617,0.9960784595999576,,,58.44,1.0,16
phi2_w128,5,50,-14.647329816967249,0.6864837980270386,2.731868152618408,1.3743061359874904,,,64.04,1.0,16
phi2_w128,5,100,-19.096236170977352,0.6525107383728027,2.788289475440979,0.9604410641483031,,,68.59,1.0,16
phi2_w32,1,4,-11.056445861151442,1.2824758625030517,2.1956456685066223,3.9380454013030977,,,58.42,1.0,16
phi2_w32,1,8,-19.320604845769704,0.9467352390289306,2.1070864319801332,2.2075525519484653,,,101.78,1.0,16
phi2_w32,1,16,-26.286163618303835,0.8343213629722596,2.0841471409797667,1.8248532232770232,,,121.61,1.0,16
phi2_w32,1,32,-33.44168317556381,0.806700547337532,2.060328600406647,1.2371613321444601,,,151.85,1.0,16
phi2_w32,1,50,-38.9012890253216,0.8107126063108444,2.049360556602478,1.9058049274984747,,,154.43,1.0,16
phi2_w32,1,100,-51.82738750331104,0.8143908780813217,2.0693934392929076,2.406426678414643,,,167.4,1.0,16
phi2_w32,2,4,-5.9836438553920015,1.595555181503296,2.708027091026306,2.9138590070512147,,,29.18,1.0,16
phi2_w32,2,8,-7.702732211090624,1.0241406321525575,2.6509035992622376,2.3187784391478634,,,40.51,1.0,16
phi2_w32,2,16,-9.841736743301153,0.7048540073633194,2.726174681186676,1.4846709521551384,,,50.0,1.0,16
phi2_w32,2,32,-11.152230758257211,0.5492554053664207,2.753803210258484,0.5843502807378536,,,55.5,1.0,16
phi2_w32,2,50,-12.811700042355806,0.5058398842811584,2.715868339538574,0.7500905886100605,,,60.34,1.0,16
phi2_w32,2,100,-16.154958458095788,0.4807351341843605,2.637934010028839,0.5581418837206089,,,66.05,1.0,16
phi2_w32,3,4,-6.571161935748532,1.5947966945171357,2.679151465892792,2.648017064612359,,,31.5,1.0,16
phi2_w32,3,8,-7.979995265714824,1.0501564693450929,2.470142481327057,1.8285057602380403,,,40.63,1.0,16
phi2_w32,3,16,-9.841329899374395,0.8834944635629653,2.6205439829826354,2.3703000636643266,,,49.61,1.0,16
phi2_w32,3,32,-12.001620234251023,0.8276994252204894,2.6350784921646118,1.372621122992132,,,55.39,1.0,16
phi2_w32,3,50,-12.947476816102862,0.7905494540929794,2.6945390629768373,0.7140597387768328,,,56.74,1.0,16
phi2_w32,3,100,-17.146606947109102,0.7257054901123047,2.772557966709137,1.156329966029618,,,62.66,1.0,16
phi2_w32,4,4,-6.400331430090591,1.6817087972164153,2.931256499290466,2.38088658509776,,,30.07,1.0,16
phi2_w32,4,8,-7.789374358141795,1.0579399716854097,2.8233796072006228,2.5504561837390067,,,40.37,1.0,16
phi2_w32,4,16,-10.286451695170253,0.757124502658844,2.828500964641571,1.6280377935658907,,,51.34,1.0,16
phi2_w32,4,32,-12.135495804846286,0.5946974247694016,2.784720184803009,0.6558443665329833,,,58.6,1.0,16
phi2_w32,4,50,-13.167782547306269,0.553582510650158,2.790646667480469,1.1927260672863573,,,61.15,1.0,16
phi2_w32,4,100,-16.731091194972397,0.5152104270458221,2.826703929901123,1.3486203836192843,,,67.18,1.0,16
phi2_w32,5,4,-5.501861721556634,1.5280488657951354,2.463410494327545,1.6487006949447096,,,31.38,1.0,16
phi2_w32,5,8,-7.904753553355112,1.1380208587646485,2.2148219895362855,1.901027611012105,,,47.01,1.0,16
phi2_w32,5,16,-9.658755878563971,0.9861904978752136,2.164355847835541,1.5487429693329613,,,55.93,1.0,16
phi2_w32,5,32,-11.829754418209195,0.9313605564832688,2.182113149166107,2.272955274331034,,,63.48,1.0,16
phi2_w32,5,50,-13.120081891678273,0.9101294875144958,2.1964206504821777,2.217656934956089,,,66.69,1.0,16
phi2_w32,5,100,-16.341625761054456,0.8932193064689636,2.167271146774292,1.7123842791341246,,,70.59,1.0,16
phi2_w64,1,4,-5.139552823039703,1.628965629339218,2.786835563182831,3.147880593277514,,,26.48,1.0,16
phi2_w64,1,8,-7.025527473185211,1.1861050963401794,2.6659296011924742,2.5749178397655488,,,37.73,1.0,16
phi2_w64,1,16,-8.103057692609728,0.9624823623895645,2.574368028640747,2.069159327771049,,,43.63,1.0,16
phi2_w64,1,32,-10.157114444803447,0.8699143034219742,2.648980321884155,1.3363834194373339,,,51.64,1.0,16
phi2_w64,1,50,-11.26944350194186,0.8300567829608917,2.6402747344970705,2.1075617526479067,,,53.27,1.0,16
phi2_w64,1,100,-14.722632498294114,0.8001126712560653,2.6755571031570433,2.211530692790728,,,58.57,1.0,16
phi2_w64,2,4,-6.021606180369854,1.5275740134716034,2.6691825723648073,1.652550292829983,,,30.81,1.0,16
phi2_w64,2,8,-7.616686709467322,1.024478091597557,2.526357715129852,1.0859878285438753,,,41.21,1.0,16
phi2_w64,2,16,-9.141617141198367,0.8041246926784515,2.5130913925170897,2.2630405689182225,,,49.45,1.0,16
phi2_w64,2,32,-11.574655828736722,0.7059583133459091,2.5230047965049742,0.9226967414893443,,,57.12,1.0,16
phi2_w64,2,50,-13.377730398438871,0.6688940155506135,2.5099219989776613,2.471814342848095,,,61.32,1.0,16
phi2_w64,2,100,-17.925344160050155,0.6450512582063674,2.653774197101593,1.3557598030827938,,,67.36,1.0,16
phi2_w64,3,4,-5.6044278894132,1.6573585700988769,2.8761467862129213,2.332359398207627,,,27.73,1.0,16
phi2_w64,3,8,-7.536395600368269,1.0247240209579467,2.692095239162445,1.082532395379385,,,39.56,1.0,16
phi2_w64,3,16,-8.848940377561375,0.748553546667099,2.7951079559326173,1.062973338466254,,,47.12,1.0,16
phi2_w64,3,32,-10.7519309258461,0.6147359883785248,2.700904355049133,1.548617864776097,,,54.47,1.0,16
phi2_w64,3,50,-12.024814152847975,0.5846107098460197,2.588014578819275,1.0229321770420299,,,63.94,1.0,16
phi2_w64,3,100,-16.203922283537686,0.6001162251830101,2.2773730778694152,0.7708092731000157,,,84.81,1.0,16
phi2_w64,4,4,-6.377801065887325,1.5908618557453156,2.8431730318069457,2.413526097992435,,,30.61,1.0,16
phi2_w64,4,8,-7.81064551946707,1.0344359308481217,2.8464259266853333,1.5328059505589773,,,40.73,1.0,16
phi2_w64,4,16,-9.289394855452702,0.7575178730487824,2.816282413005829,1.9761201612767763,,,48.37,1.0,16
phi2_w64,4,32,-10.832535489406437,0.6311328512430191,2.7997067856788633,1.3115086772179347,,,52.92,1.0,16
phi2_w64,4,50,-12.196358016394079,0.5876201567053795,2.8565230655670164,0.6229655380025506,,,57.1,1.0,16
phi2_w64,4,100,-15.616392407491803,0.5429189223051071,2.8134551668167114,0.8841205274524168,,,61.43,1.0,16
phi2_w64,5,4,-6.329844427849166,1.635175564289093,2.8331765723228455,1.3595616343524306,,,30.64,1.0,16
phi2_w64,5,8,-7.87622571002692,1.146456048488617,2.8312409639358522,2.226208369114902,,,40.12,1.0,16
phi2_w64,5,16,-9.211270952401684,0.8640019983053208,2.766362009048462,1.4707744596595875,,,47.34,1.0,16
phi2_w64,5,32,-10.900294831432403,0.7441588926315308,2.8357797503471374,1.3469864238530862,,,53.81,1.0,16
phi2_w64,5,50,-12.730999424643814,0.6913018882274627,2.8335971593856812,1.6106768833180891,,,57.69,1.0,16
phi2_w64,5,100,-16.255365077517926,0.6386395472288132,2.7767328882217406,3.4272064190210774,,,63.66,1.0,16
phi4_w128,1,4,-6.004628549651243,1.5051621031761169,2.582418863773346,2.7314117283467203,,,29.7,1.0,16
phi4_w128,1,8,-7.623487433400005,0.961785779595375,2.6357697653770447,2.0225131848803723,,,40.11,1.0,16
phi4_w128,1,16,-9.33551766254939,0.718429391682148,2.6776265478134156,0.7939665470173349,,,47.17,1.0,16
phi4_w128,1,32,-11.35514882458374,0.5939711490273476,2.6089861488342283,1.7981479645814398,,,54.59,1.0,16
phi4_w128,1,50,-13.524824342653154,0.5536364507675171,2.7064173650741576,2.039205828154087,,,59.48,1.0,16
phi4_w128,1,100,-17.85744310796261,0.504083494246006,2.6129889702796936,0.8536143430113561,,,65.91,1.0,16
phi4_w128,2,4,-6.568339881869033,1.8044373965263367,2.890781741142273,2.088142035128549,,,30.51,1.0,16
phi4_w128,2,8,-9.007487766686827,1.1775104027986527,2.7082170104980468,1.8857045236683916,,,42.92,1.0,16
phi4_w128,2,16,-11.07921434313059,0.8884628534317016,2.6356659650802614,1.5398959193660995,,,53.96,1.0,16
phi4_w128,2,32,-14.151925243567675,0.840207479596138,2.6129658794403077,2.0013237901293905,,,64.29,1.0,16
phi4_w128,2,50,-17.15221931848675,0.7986409282684326,2.614354441165924,2.1738834017502144,,,71.89,1.0,16
phi4_w128,2,100,-23.758880113624038,0.7468494957685471,2.6769307708740233,1.1865640459519289,,,83.78,1.0,16
phi4_w128,3,4,-6.597640309701673,1.6298249506950377,2.824342203140259,2.0668245105817915,,,31.12,1.0,16
phi4_w128,3,8,-8.08317334741354,1.0144262552261352,2.7382277178764345,1.7190249294473323,,,40.78,1.0,16
phi4_w128,3,16,-9.993190575251356,0.7151855796575546,2.6020487356185913,0.7959130679321242,,,49.36,1.0,16
phi4_w128,3,32,-11.74545764086768,0.6025626760721207,2.701953992843628,1.4197241121785191,,,55.2,1.0,16
phi4_w128,3,50,-13.565014853999019,0.5655310362577438,2.6827427458763125,1.3920434174610767,,,57.82,1.0,16
phi4_w128,3,100,-17.390267722681166,0.5286671006679535,2.7470201444625855,0.659602706843894,,,63.33,1.0,16
phi4_w128,4,4,-6.89393113207072,1.4765167868137359,2.551553473472595,2.9728816329874097,,,31.92,1.0,16
phi4_w128,4,8,-8.798269780715927,1.0112881726026535,2.5173499298095705,1.739993908184115,,,43.34,1.0,16
phi4_w128,4,16,-11.425625534905121,0.7598286581039428,2.533879039287567,1.998247428687755,,,56.7,1.0,16
phi4_w128,4,32,-14.262489891834557,0.643297113776207,2.5664648461341857,1.0348392527727992,,,66.13,1.0,16
phi4_w128,4,50,-16.373775037899613,0.6106432539224624,2.6272448992729185,0.8036779184372165,,,70.63,1.0,16
phi4_w128,4,100,-23.249369900785386,0.5747841668128967,2.5553821229934695,1.3125021620363926,,,83.55,1.0,16
phi4_w128,5,4,-6.098933759657666,1.5597605943679809,2.6732114434242247,2.1571824409253897,,,29.81,1.0,16
phi4_w128,5,8,-7.467787496820092,1.0775980740785598,2.7027135562896727,2.6394837051810462,,,39.65,1.0,16
phi4_w128,5,16,-9.161035995911806,0.8021565914154053,2.6755673599243166,1.23509113770735,,,48.12,1.0,16
phi4_w128,5,32,-10.593279922734945,0.6988356393575669,2.5948236441612242,1.066281273173081,,,54.45,1.0,16
phi4_w128,5,50,-12.042287223227323,0.6627190446853638,2.6039443755149843,1.5892237451167313,,,57.45,1.0,16
phi4_w128,5,100,-15.741301659867167,0.6328182232379913,2.455521533489227,1.3001061949218944,,,63.94,1.0,16
phi4_w32,1,4,-6.203710881695152,1.5324570620059967,2.5995020604133607,3.4625021869596093,,,30.92,1.0,16
phi4_w32,1,8,-8.207939686989413,1.0971616113185882,2.667289710044861,1.4654569900268688,,,41.77,1.0,16
phi4_w32,1,16,-9.424830356016756,0.8376685893535614,2.7420784854888915,1.7735246481321518,,,47.63,1.0,16
phi4_w32,1,32,-11.66586716849357,0.7049581116437912,2.72028685092926,0.5522880067734514,,,55.08,1.0,16
phi4_w32,1,50,-13.23339238256216,0.6543573373556137,2.773499722480774,1.7602019826620818,,,58.76,1.0,16
phi4_w32,1,100,-17.36793143481016,0.6148966264724731,2.6726850652694703,1.0204144455693662,,,64.65,1.0,16
phi4_w32,2,4,-5.5082870279066265,1.7169019770622254,2.911982786655426,1.4225076112151145,,,27.14,1.0,16
phi4_w32,2,8,-8.084231323851272,1.0827561956644058,2.707921144962311,1.3660760991415009,,,40.26,1.0,16
phi4_w32,2,16,-9.565360625991598,0.871707694530487,2.692629749774933,0.7056418621982448,,,48.45,1.0,16
phi4_w32,2,32,-11.513080124277622,0.7143917554616928,2.751954617500305,1.5864670031220884,,,55.12,1.0,16
phi4_w32,2,50,-12.712848316002637,0.6725505501031875,2.8175160241127015,1.4963811685059218,,,57.58,1.0,16
phi4_w32,2,100,-16.470086069107055,0.6178467923402786,2.7837416124343872,1.2790493822099642,,,65.0,1.0,16
phi4_w32,3,4,-6.23179255223833,1.622445297241211,2.6980638909339905,3.0452260926412418,,,30.1,1.0,16
phi4_w32,3,8,-7.717064528064802,1.0749886280298233,2.6074366474151613,3.8893834242562297,,,40.38,1.0,16
phi4_w32,3,16,-9.201514316415414,0.8525235813856125,2.626947479248047,2.22455647091876,,,47.71,1.0,16
phi4_w32,3,32,-11.052495202217251,0.7239628428220749,2.5925677371025087,1.564041732752812,,,55.11,1.0,16
phi4_w32,3,50,-12.11138020163402,0.6827886569499969,2.5802983117103575,1.5547925631307067,,,56.2,1.0,16
phi4_w32,3,100,-14.950788999721407,0.6598859363794327,2.623366732597351,1.0199032028516988,,,61.77,1.0,16
phi4_w32,4,4,-5.8327018126891925,1.6826987731456757,2.903602032661438,1.7513532770518214,,,28.68,1.0,16
phi4_w32,4,8,-7.496662955442443,1.0593310195207595,2.7955296444892883,0.8836985946167261,,,39.45,1.0,16
phi4_w32,4,16,-8.968522412246093,0.80217520236969,2.814196605682373,1.2324976428446826,,,47.26,1.0,16
phi4_w32,4,32,-10.568777639754117,0.69890489757061,2.70758220911026,1.9163187450502301,,,53.41,1.0,16
phi4_w32,4,50,-12.13764796078205,0.6706665682792664,2.874448199272156,2.0956252485925333,,,57.4,1.0,16
phi4_w32,4,100,-15.557751410789788,0.6353708446025849,2.8123931765556334,0.9728676220220979,,,62.71,1.0,16
phi4_w32,5,4,-5.81665198225528,1.5222321653366089,2.5596801018714905,1.2926769161596894,,,29.09,1.0,16
phi4_w32,5,8,-7.825696798861027,1.04865188062191,2.6361366295814515,2.157445298623061,,,39.91,1.0,16
phi4_w32,5,16,-9.362020129580051,0.7588212734460831,2.651964371204376,2.3228538696165195,,,47.53,1.0,16
phi4_w32,5,32,-11.396087690573186,0.6189208650588989,2.6586945772171022,1.2916337989678142,,,54.72,1.0,16
phi4_w32,5,50,-12.61344199899584,0.5732529696822166,2.688894736766815,0.5765067554354668,,,55.81,1.0,16
phi4_w32,5,100,-16.563782986849546,0.5304715850949288,2.633021867275238,1.5891096064678394,,,61.39,1.0,16
phi4_w64,1,4,-6.894731314238161,1.3394688510894774,2.2929646372795105,1.8831131561938674,,,34.83,1.0,16
phi4_w64,1,8,-8.875482863551007,0.961512758731842,2.257122302055359,1.5624708803067915,,,46.68,1.0,16
phi4_w64,1,16,-10.75480050958693,0.7594804209470749,2.3420417523384094,0.6172896021202905,,,54.81,1.0,16
phi4_w64,1,32,-12.298410562891513,0.5948517856001854,2.3963580107688904,0.9548129805392819,,,60.07,1.0,16
phi4_w64,1,50,-14.014705478493124,0.5198942664265632,2.404275770187378,0.5047385855524801,,,65.9,1.0,16
phi4_w64,1,100,-18.01897730667144,0.4661543881893158,2.4068477249145506,0.7642358222133305,,,73.01,1.0,16
phi4_w64,2,4,-5.8103973792959005,1.4682563376426696,2.4957558608055113,1.2391858974937349,,,30.65,1.0,16
phi4_w64,2,8,-7.8293503082171085,1.0422585999965668,2.4718286395072937,1.3383559590484948,,,45.09,1.0,16
phi4_w64,2,16,-11.047100144233555,0.8584533369541169,2.470194389820099,1.2681582673103549,,,58.49,1.0,16
phi4_w64,2,32,-13.494009014554322,0.7492537170648574,2.358299107551575,1.8070469781685097,,,67.92,1.0,16
phi4_w64,2,50,-17.30944423250854,0.7221845215559006,2.3664484000205994,3.4132564867591486,,,76.53,1.0,16
phi4_w64,2,100,-25.636446657925845,0.7026552790403366,2.4017522025108335,1.101763057858264,,,91.38,1.0,16
phi4_w64,3,4,-6.035857348092832,1.4770323300361634,2.4491420698165896,2.112406759383157,,,30.54,1.0,16
phi4_w64,3,8,-7.386032112734393,1.0492817616462708,2.427643620967865,0.889808338615112,,,39.69,1.0,16
phi4_w64,3,16,-9.20387420784682,0.8418729543685913,2.5212963724136355,1.8259155814279802,,,47.91,1.0,16
phi4_w64,3,32,-11.52398900847882,0.7297278845310211,2.628897104263306,0.613312805271853,,,55.71,1.0,16
phi4_w64,3,50,-12.96348666023463,0.6959442669153213,2.638722038269043,0.8542936629697679,,,58.06,1.0,16
phi4_w64,3,100,-16.876211396604777,0.6242725920677185,2.681634478569031,1.1036858035989106,,,64.05,1.0,16
phi4_w64,4,4,-5.830181687697769,1.638098953962326,2.72534158706665,1.7153838438075035,,,28.37,1.0,16
phi4_w64,4,8,-7.520804352536797,1.1656081253290176,2.7074328565597536,1.2030482840817422,,,39.27,1.0,16
phi4_w64,4,16,-9.180862008761615,1.0035862243175506,2.5656415963172914,1.8243423251586501,,,49.8,1.0,16
phi4_w64,4,32,-12.907797551080584,0.9885709571838379,2.3384417510032653,2.1995471805554554,,,114.76,0.91,16
phi4_w64,4,50,-24.17935322277248,0.9544447487592698,2.322553870677948,1.6165653884867206,,,277.81,0.53,16
phi4_w64,4,100,-54.846351635977626,0.902553339600563,2.1962659549713135,1.5145788028142413,,,449.4,0.12,16
phi4_w64,5,4,-4.964114667661488,1.5868142580986022,2.6476502561569215,2.1689027475006877,,,26.59,1.0,16
phi4_w64,5,8,-7.303867736915127,1.0880489259958268,2.712160487174988,1.608208017742145,,,38.7,1.0,16
phi4_w64,5,16,-8.617079673958942,0.8311593919992447,2.620623042583466,1.6046248248635675,,,45.62,1.0,16
phi4_w64,5,32,-10.917185313049703,0.735234711766243,2.696075782775879,1.7857865492929705,,,53.54,1.0,16
phi4_w64,5,50,-12.388650718182326,0.7184936171770095,2.7398703289031983,3.794705610441137,,,57.0,1.0,16
phi4_w64,5,100,-16.046989439353347,0.6960511779785157,2.7421598863601684,1.2272932863058987,,,62.56,1.0,16
phi1_w128,1,4,-63.31020861275494,10.390034155845642,14.238137378692628,14.906542057394981,,,500.0,0.0,50
phi1_w128,1,8,-66.81691365249455,9.94197039604187,15.59352925300598,14.094966759681702,,,500.0,0.0,50
phi1_w128,1,16,-74.50973793171346,9.807085695266723,16.40892114639282,19.308517062067985,,,500.0,0.0,50
phi1_w128,1,32,-89.145756893605,9.77810214996338,17.02316481590271,13.660232843030244,,,500.0,0.0,50
phi1_w128,1,50,-102.6917948038876,9.757322511672974,17.166892614364624,13.261491007614136,,,500.0,0.0,50
phi1_w128,1,100,-142.03898241505027,9.686875972747803,17.308512611389162,14.392413387393951,,,500.0,0.0,50
phi1_w128,2,4,-7.026129529671744,1.7153287076950072,2.6673506689071655,2.9645777444541452,,,38.68,1.0,50
phi1_w128,2,8,-10.7414366963692,1.4683005142211913,2.6980708718299864,2.6919435262540357,,,82.67,1.0,50
phi1_w128,2,16,-17.557851658482104,1.3978118085861206,2.793873908519745,3.0974441378423943,,,235.76,0.9,50
phi1_w128,2,32,-30.42234711866826,1.2417874014377595,2.716423387527466,3.4830107292253523,,,401.62,0.36,50
phi1_w128,2,50,-42.63089189499617,1.1813942396640777,2.7350838470458982,2.368890647484362,,,461.24,0.15,50
phi1_w128,2,100,-70.9606406044215,1.1573023229837418,2.8170469760894776,2.7030202253751456,,,477.15,0.09,50
phi1_w128,3,4,-7.702464665323496,1.5157770311832428,2.7190143513679503,1.2984901463938876,,,37.07,1.0,50
phi1_w128,3,8,-10.99868525216356,0.9671296179294586,2.6663898277282714,2.144397550505819,,,52.22,1.0,50
phi1_w128,3,16,-14.301913140323013,0.7023985067009926,2.7198895478248595,0.5725742807122879,,,65.81,1.0,50
phi1_w128,3,32,-16.449957457911225,0.5560621950030327,2.798095157146454,1.1848570982331876,,,71.18,1.0,50
phi1_w128,3,50,-20.32084228746593,0.47560213834047316,2.634618384838104,1.097481810090691,,,80.29,1.0,50
phi1_w128,3,100,-27.58895946890116,0.40003236532211306,2.761444852352142,0.7727451981850899,,,89.94,1.0,50
phi1_w128,4,4,-13.146877306438983,1.3256565642356872,2.122671115398407,1.6681628082040698,,,83.27,1.0,50
phi1_w128,4,8,-16.265006970595568,1.0781437695026397,2.0957418274879456,2.9163183061953166,,,102.93,1.0,50
phi1_w128,4,16,-20.503461576402188,0.9944893437623977,2.077895374298096,0.7203766229975735,,,119.07,1.0,50
phi1_w128,4,32,-24.370706020444633,0.935798003077507,2.0752679967880248,1.7583427895978092,,,130.6,1.0,50
phi1_w128,4,50,-29.58267691254616,0.9066073489189148,2.062022337913513,2.7671336439389735,,,141.38,1.0,50
phi1_w128,4,100,-37.56351619668305,0.8613152188062668,2.0685539841651917,2.7989667527042332,,,150.79,1.0,50
phi1_w128,5,4,-189.6393209965527,38.21864151000977,52.699404106140136,32.562080887258055,,,500.0,0.0,50
phi1_w128,5,8,-192.3714822822809,36.626203556060794,61.65794017791748,35.00435170851648,,,500.0,0.0,50
phi1_w128,5,16,-195.88700178921223,36.02852649688721,64.25651580810546,35.57618747361004,,,500.0,0.0,50
phi1_w128,5,32,-202.62206320866943,34.07424625396729,66.62762790679932,34.67993163442239,,,500.0,0.0,50
phi1_w128,5,50,-212.58538714230062,33.94820594787598,67.90981704711913,35.72280862267017,,,500.0,0.0,50
phi1_w128,5,100,-245.45230808109045,32.921083030700686,68.63152599334717,33.920798832923175,,,500.0,0.0,50
phi1_w32,1,4,-27.48463321298361,2.7819943690299986,4.576456818580628,2.3317818965390327,,,307.98,0.45,50
phi1_w32,1,8,-23.965704724639654,1.5355252075195311,3.2245401835441587,2.8835004062391816,,,453.81,0.13,50
phi1_w32,1,16,-31.010723250731825,1.3946968054771423,3.2811931848526,4.31101454725489,,,500.0,0.0,50
phi1_w32,1,32,-41.661129374243316,1.313447403907776,3.3191275930404665,3.880816583984997,,,500.0,0.0,50
phi1_w32,1,50,-52.168385548330846,1.329867353439331,3.7614381742477416,2.66126024684906,,,500.0,0.0,50
phi1_w32,1,100,-76.30489346735179,1.3650446021556855,4.757656524181366,2.7243613627113406,,,500.0,0.0,50
phi1_w32,2,4,-7.695167260719463,1.3688477969169617,2.2760213017463684,2.1670163438562304,,,39.88,1.0,50
phi1_w32,2,8,-11.229671692792326,1.0021044486761093,2.2063208174705506,1.6452452690480277,,,57.46,1.0,50
phi1_w32,2,16,-14.040435514850541,0.7989263051748275,2.1449805426597597,1.9623029574955582,,,71.53,1.0,50
phi1_w32,2,32,-16.950808883365244,0.6995580387115479,2.077409975528717,1.070566457525856,,,85.82,1.0,50
phi1_w32,2,50,-20.381458366867154,0.678700532913208,2.0526007175445558,1.0577771404470317,,,94.98,1.0,50
phi1_w32,2,100,-25.495317212939263,0.6613033246994019,2.0355156469345093,1.2128654202250764,,,103.78,1.0,50
phi1_w32,3,4,-12.954550283104181,1.3996436154842378,2.1496391034126283,2.0683319299668073,,,148.45,0.98,50
phi1_w32,3,8,-22.68462581731379,1.5465424036979676,3.0020581698417663,1.5987304987246171,,,424.43,0.44,50
phi1_w32,3,16,-28.32593983535655,2.3508299493789675,6.063636655807495,4.204993890477344,,,500.0,0.0,50
phi1_w32,3,32,-33.51477077038959,2.8740778148174284,8.386608924865723,4.486912257816293,,,500.0,0.0,50
phi1_w32,3,50,-36.725310577191415,2.8320348119735717,8.791247673034668,6.498703831991182,,,500.0,0.0,50
phi1_w32,3,100,-44.99957067659125,2.7739594769477844,9.315338792800903,3.701723384258291,,,500.0,0.0,50
phi1_w32,4,4,-6.381313028680161,1.7080690693855285,2.976586105823517,3.197875710884109,,,31.29,1.0,50
phi1_w32,4,8,-8.570272744465619,1.0950480329990386,2.6561458230018617,1.7695066443365066,,,44.58,1.0,50
phi1_w32,4,16,-10.593703044373543,0.9068420153856277,2.572660894393921,2.0924043432594046,,,55.9,1.0,50
phi1_w32,4,32,-12.696149724964052,0.789778071641922,2.519539453983307,0.7086151782466914,,,62.92,1.0,50
phi1_w32,4,50,-14.662857598140835,0.7296433806419372,2.3512599229812623,0.771165930860769,,,70.35,1.0,50
phi1_w32,4,100,-19.068940265104175,0.6996029114723206,2.26664023399353,0.782579575943295,,,79.39,1.0,50
phi1_w32,5,4,-199.6763870640099,40.73955778121948,56.76969314575195,34.56580088019371,,,500.0,0.0,50
phi1_w32,5,8,-194.48190221309662,38.70274993896484,63.10762691497803,35.554004831165074,,,500.0,0.0,50
phi1_w32,5,16,-196.24340485274791,38.272311248779296,66.74539558410645,36.58600056776777,,,500.0,0.0,50
phi1_w32,5,32,-200.61724013656377,38.24239807128906,68.80442665100098,37.41353152446449,,,500.0,0.0,50
phi1_w32,5,50,-205.58812683314085,38.23889808654785,69.52916076660156,37.98572131817341,,,500.0,0.0,50
phi1_w32,5,100,-219.91117366611957,38.27239360809326,70.14584869384765,38.091312475216384,,,500.0,0.0,50
phi1_w64,1,4,-12.319636169448495,1.2925915825366974,2.1180404472351073,2.1461324937315656,,,72.54,1.0,50
phi1_w64,1,8,-16.248763190899044,1.047563651204109,2.0857361698150636,1.1942201434844173,,,101.27,0.99,50
phi1_w64,1,16,-19.83037171206437,0.9255294102430344,2.0462843203544616,1.2795891519868747,,,112.79,1.0,50
phi1_w64,1,32,-24.016147351358086,0.8534557491540908,2.0427505016326903,0.9245505006890744,,,125.59,1.0,50
phi1_w64,1,50,-28.069550413582473,0.8293629175424576,2.037473223209381,0.7917981910705566,,,137.59,1.0,50
phi1_w64,1,100,-32.25078022245318,0.7999178206920624,2.0370783257484435,1.3970772794365882,,,141.66,1.0,50
phi1_w64,2,4,-16.971760163009165,1.4705328750610351,2.4024863600730897,2.562085285000503,,,189.68,0.92,50
phi1_w64,2,8,-25.352229969473555,1.2460110872983932,2.5243413710594176,2.257557490533218,,,402.54,0.6,50
phi1_w64,2,16,-32.5881121086143,1.6289827209711074,3.6346511673927306,3.7762461858999448,,,489.09,0.1,50
phi1_w64,2,32,-40.36232186768204,1.8676288503408431,4.2742677855491635,4.534658902999363,,,499.93,0.01,50
phi1_w64,2,50,-45.50644408989697,1.4761744433641433,3.8960682559013367,2.7626077052751556,,,500.0,0.0,50
phi1_w64,2,100,-60.05626551434398,1.8128669184446335,4.641173453330993,2.969304929972952,,,500.0,0.0,50
phi1_w64,3,4,-7.650861695171334,1.4787835967540741,2.473202028274536,2.1270033411122857,,,38.15,1.0,50
phi1_w64,3,8,-11.353845286266878,0.978348999619484,2.3895728754997254,0.8612321099545807,,,56.52,1.0,50
phi1_w64,3,16,-13.884546214891598,0.7206541121006012,2.486741223335266,1.4060485382092884,,,67.07,1.0,50
phi1_w64,3,32,-17.023049056008457,0.5648887813091278,2.5291291069984436,1.1475933242285101,,,76.07,1.0,50
phi1_w64,3,50,-19.736146751008928,0.4563266858458519,2.4932810068130493,0.3788130683737807,,,82.22,1.0,50
phi1_w64,3,100,-25.65350419975817,0.35827033057808877,2.5267125940322877,0.2967337465653895,,,90.09,1.0,50
phi1_w64,4,4,-6.144786605536938,1.6632384300231933,2.9209781432151796,3.264958053417504,,,30.2,1.0,50
phi1_w64,4,8,-8.652614584406837,1.0784720307588578,2.8433043241500853,1.8858687102096154,,,42.54,1.0,50
phi1_w64,4,16,-10.216115936022252,0.7734599059820175,2.7139625191688537,0.8307210199168185,,,50.0,1.0,50
phi1_w64,4,32,-12.243593547325581,0.655991567671299,2.871317403316498,0.8061754284598283,,,56.38,1.0,50
phi1_w64,4,50,-14.075969930626451,0.6032527297735214,2.752348554134369,1.3021079618597404,,,59.02,1.0,50
phi1_w64,4,100,-18.341834055706858,0.603188587129116,2.7000270318984985,1.9063569005113095,,,65.84,1.0,50
phi1_w64,5,4,-7.117433899920433,1.5042088520526886,2.552920081615448,2.495888569522649,,,35.27,1.0,50
phi1_w64,5,8,-9.695441544735804,1.0482476633787154,2.416744678020477,2.8475859774532726,,,49.37,1.0,50
phi1_w64,5,16,-11.329327419893817,0.8770989763736725,2.43372727394104,2.162351070700679,,,58.78,1.0,50
phi1_w64,5,32,-13.580023272037506,0.8030720776319504,2.315549221038818,0.5712620150002476,,,66.76,1.0,50
phi1_w64,5,50,-15.009599264636636,0.7905896157026291,2.3892233180999756,1.6869864434568211,,,69.55,1.0,50
phi1_w64,5,100,-19.03169384662062,0.7694138950109481,2.4451739454269408,2.0477037780529823,,,75.97,1.0,50
phi2_w128,1,4,-196.550110225603,39.331977157592775,56.07428796768188,33.51641037702561,,,500.0,0.0,50
phi2_w128,1,8,-192.7301854018867,38.335740089416504,63.36099304199219,34.92083774507046,,,500.0,0.0,50
phi2_w128,1,16,-194.37897235244512,38.03248977661133,66.55677558898925,36.10718419924378,,,500.0,0.0,50
phi2_w128,1,32,-199.4488350442052,38.22574234008789,68.97961380004882,37.67854906693101,,,500.0,0.0,50
phi2_w128,1,50,-203.87008106917142,38.24914943695068,69.52534957885742,37.52106157832146,,,500.0,0.0,50
phi2_w128,1,100,-216.40037109971047,38.21361530303955,70.06486785888671,37.74211703155041,,,500.0,0.0,50
phi2_w128,2,4,-7.915402348702774,1.4664719521999359,2.496533648967743,1.7404883735068142,,,37.69,1.0,50
phi2_w128,2,8,-10.061147647527978,1.017431526184082,2.3670735645294187,1.957140252601821,,,52.17,1.0,50
phi2_w128,2,16,-11.426008084034548,0.8647707939147949,2.386312339305878,2.839626583943609,,,59.93,1.0,50
phi2_w128,2,32,-13.641849887790158,0.7364200139045716,2.3414211869239807,1.6721556647619582,,,67.25,1.0,50
phi2_w128,2,50,-15.111775222495199,0.6914656835794449,2.4602775287628176,1.0861602459896356,,,71.67,1.0,50
phi2_w128,2,100,-18.835050302520393,0.6111468431353569,2.465111219882965,0.8284988417172339,,,78.29,1.0,50
phi2_w128,3,4,-159.92673868626355,30.550233917236326,38.005862388610836,30.06139881014824,,,500.0,0.0,50
phi2_w128,3,8,-154.2368577057123,28.108199520111086,39.41168426513672,30.568862426877022,,,500.0,0.0,50
phi2_w128,3,16,-159.62314946234227,26.92302230834961,40.98265506744385,30.01775490939617,,,500.0,0.0,50
phi2_w128,3,32,-169.14463735491037,26.37955135345459,42.5563247680664,32.24239881824702,,,500.0,0.0,50
phi2_w128,3,50,-182.388655500412,26.201696510314942,46.23678310394287,31.256432211083176,,,500.0,0.0,50
phi2_w128,3,100,-212.2838792383671,26.086378860473634,52.24913711547852,33.898852042304725,,,500.0,0.0,50
phi2_w128,4,4,-8.592582371057942,1.3833950853347778,2.3395298314094544,2.054101764340885,,,43.0,1.0,50
phi2_w128,4,8,-11.140634289709851,0.9768858146667481,2.3190008783340454,1.4173455230379477,,,56.34,1.0,50
phi2_w128,4,16,-13.077299051107838,0.698885663151741,2.3362524008750913,0.5633867235216894,,,67.87,1.0,50
phi2_w128,4,32,-16.697052654288708,0.583474540412426,2.2959083127975464,0.6646471234748605,,,80.95,1.0,50
phi2_w128,4,50,-18.156524410806597,0.5426350393891335,2.2851788783073426,0.7182875044527464,,,83.81,1.0,50
phi2_w128,4,100,-22.719065358676016,0.5011838999390602,2.3270332622528076,1.043574950507516,,,93.12,1.0,50
phi2_w128,5,4,-7.4085264338459815,1.4325556683540344,2.355851323604584,2.8544681156240403,,,38.06,1.0,50
phi2_w128,5,8,-10.607986282771453,1.0338941270112991,2.270632131099701,1.260663996641524,,,55.0,1.0,50
phi2_w128,5,16,-13.023203876679764,0.870744189620018,2.3384716176986693,1.2999659275996964,,,65.28,1.0,50
phi2_w128,5,32,-16.8234944023937,0.7825596338510513,2.382668101787567,0.7794716455353773,,,76.14,1.0,50
phi2_w128,5,50,-19.96959562819451,0.7005420744419097,2.375249090194702,1.8835945928078144,,,85.45,1.0,50
phi2_w128,5,100,-25.27249025076628,0.6154159462451935,2.427025315761566,1.125085466220975,,,94.54,1.0,50
phi2_w32,1,4,-7.455967383957468,1.4890354478359222,2.4381037902832032,1.2914712770376355,,,36.52,1.0,50
phi2_w32,1,8,-10.818070199135692,1.119878033399582,2.249043643474579,2.1318722422164864,,,55.83,1.0,50
phi2_w32,1,16,-14.415291393380611,1.0558151525259019,2.1217065405845643,3.0664173179969656,,,71.7,1.0,50
phi2_w32,1,32,-17.415147766694428,1.076266760826111,2.1249359464645385,0.9371432487806305,,,82.28,1.0,50
phi2_w32,1,50,-20.30564276162535,1.0659337264299393,2.106937668323517,1.7185853140830993,,,90.18,1.0,50
phi2_w32,1,100,-26.63204044645652,1.0733758664131166,2.0955899286270143,2.974770256915688,,,99.61,1.0,50
phi2_w32,2,4,-8.584102823212742,1.2792905616760253,2.1004206109046937,2.3521746073476972,,,48.96,1.0,50
phi2_w32,2,8,-12.479367211507633,0.9762333446741104,2.1190334224700926,1.3460167415812612,,,67.58,1.0,50
phi2_w32,2,16,-14.790598288178444,0.7837449473142624,2.101551477909088,0.755307258523535,,,77.61,1.0,50
phi2_w32,2,32,-17.7134358471632,0.6588164854049683,2.103330998420715,1.7703143492934759,,,86.73,1.0,50
phi2_w32,2,50,-20.629927528705448,0.608286127448082,2.083581922054291,1.0025138911381364,,,92.76,1.0,50
phi2_w32,2,100,-27.62689763788134,0.5559888687729836,2.0861299657821655,1.104462952324003,,,101.8,1.0,50
phi2_w32,3,4,-17.668877667542546,3.4088880944252016,5.819391520023346,3.618084382484667,,,76.25,0.92,50
phi2_w32,3,8,-10.783613536050543,1.0860387510061265,2.14672563791275,0.9434127896418795,,,54.17,1.0,50
phi2_w32,3,16,-12.61974379280582,0.9281485259532929,2.136442768573761,0.6586904467735439,,,64.24,1.0,50
phi2_w32,3,32,-14.548127104714514,0.8684348177909851,2.146451323032379,1.1815541427151766,,,70.73,1.0,50
phi2_w32,3,50,-17.095183755122125,0.8528491538763047,2.133302021026611,1.357414140217751,,,76.59,1.0,50
phi2_w32,3,100,-21.94809337846935,0.7861268246173858,2.1469975018501284,2.006314225364849,,,85.92,1.0,50
phi2_w32,4,4,-41.11863303355872,5.200482196807862,6.463258776664734,5.110614218711853,,,500.0,0.0,50
phi2_w32,4,8,-45.7207162610814,5.074120945930481,7.068197064399719,8.670846995413303,,,500.0,0.0,50
phi2_w32,4,16,-53.36326956115663,5.098485808372498,7.539728288650513,7.391511968970299,,,500.0,0.0,50
phi2_w32,4,32,-61.51275212340057,5.246323108673096,8.11388401031494,12.530646622031927,,,500.0,0.0,50
phi2_w32,4,50,-69.7717790363729,5.231012563705445,8.19866883277893,8.03972419013977,,,500.0,0.0,50
phi2_w32,4,100,-88.12250613167882,5.024741988182068,7.842884545326233,9.836834797358513,,,500.0,0.0,50
phi2_w32,5,4,-40.04415374660864,4.6000269711017605,5.819099395275116,7.946490339338779,,,496.27,0.01,50
phi2_w32,5,8,-47.076050841510295,4.209543194770813,6.059693083763123,6.191114235520363,,,500.0,0.0,50
phi2_w32,5,16,-53.835120651237666,4.193004374504089,6.378692021369934,6.633582401871681,,,500.0,0.0,50
phi2_w32,5,32,-71.51242935363203,4.177847270965576,6.545977449417114,8.597594683393837,,,500.0,0.0,50
phi2_w32,5,50,-82.26005180746317,4.1707143974304195,6.581952729225159,8.940296985054015,,,500.0,0.0,50
phi2_w32,5,100,-107.0729582233727,4.163357672691345,6.603453025817871,5.732146522927285,,,500.0,0.0,50
phi2_w64,1,4,-9.597155172871426,1.3099156904220581,2.1646415901184084,2.7599816179834304,,,54.18,1.0,50
phi2_w64,1,8,-13.389094753498211,1.0267633843421935,2.12826411485672,2.106558007579297,,,75.3,1.0,50
phi2_w64,1,16,-17.13530320770107,0.860112590789795,2.1827644753456115,0.7325974666397087,,,93.62,1.0,50
phi2_w64,1,32,-19.948662493517624,0.7774681097269058,2.1624685859680177,2.768675783406943,,,102.79,1.0,50
phi2_w64,1,50,-22.670023824423552,0.71008714646101,2.1612412261962892,1.514264495372027,,,110.66,1.0,50
phi2_w64,1,100,-27.83670613238588,0.6439635497331619,2.1721625781059264,1.9134212523527443,,,120.86,1.0,50
phi2_w64,2,4,-191.55633114228024,37.09968589067459,53.37463640213013,30.412249347865583,,,500.0,0.0,50
phi2_w64,2,8,-192.9406423546374,37.17373007774353,61.16317417144776,34.929613295197484,,,500.0,0.0,50
phi2_w64,2,16,-201.37790866464377,38.29209144592285,66.64664642333985,36.287116867154836,,,500.0,0.0,50
phi2_w64,2,32,-211.37972826123237,38.28788951873779,68.69597259521484,37.54374640707858,,,500.0,0.0,50
phi2_w64,2,50,-222.53714281499387,38.27535572052002,69.52771995544434,37.93847063128948,,,500.0,0.0,50
phi2_w64,2,100,-253.68235247552394,38.268436126708984,70.10145683288575,38.21111897845566,,,500.0,0.0,50
phi2_w64,3,4,-82.47281918115914,13.186792306900024,16.38649227142334,16.6366357588768,,,500.0,0.0,50
phi2_w64,3,8,-83.27989806994796,12.110808706283569,16.86301965713501,17.201520075201987,,,500.0,0.0,50
phi2_w64,3,16,-92.28365289106965,11.545930109024049,17.06121290206909,20.248466438651086,,,500.0,0.0,50
phi2_w64,3,32,-106.61290731608868,11.27733362197876,17.177008266448976,17.480873027555646,,,500.0,0.0,50
phi2_w64,3,50,-121.73700390726327,11.211702270507812,18.063021507263183,16.493512581276892,,,500.0,0.0,50
phi2_w64,3,100,-159.15371490731835,11.109687519073486,18.297998542785646,16.613142981243133,,,500.0,0.0,50
phi2_w64,4,4,-106.42606073692441,19.773191509246825,24.573685512542724,25.24194927215576,,,500.0,0.0,50
phi2_w64,4,8,-104.75596242085099,18.125130863189696,25.240986709594726,22.635751934237778,,,500.0,0.0,50
phi2_w64,4,16,-108.07017888188362,17.132362155914308,25.316332302093507,23.04935192078352,,,500.0,0.0,50
phi2_w64,4,32,-121.13032011434436,16.60835720062256,25.301220569610596,22.276060681939125,,,500.0,0.0,50
phi2_w64,4,50,-133.06603379607202,16.41880765914917,25.291567611694337,23.09076306180954,,,500.0,0.0,50
phi2_w64,4,100,-166.96563013702632,16.254946250915527,25.28943130493164,24.6972986338377,,,500.0,0.0,50
phi2_w64,5,4,-7.451121925078333,1.367920960187912,2.273831388950348,2.7763284663297236,,,37.57,1.0,50
phi2_w64,5,8,-10.000555695062504,1.0368678027391434,2.3574602437019347,1.697864850955084,,,50.52,1.0,50
phi2_w64,5,16,-12.733907181788236,0.8430938327312469,2.4743726682662963,1.3944173661270178,,,61.61,1.0,50
phi2_w64,5,32,-15.40088581789285,0.6990719312429428,2.5196854972839358,2.252493235721195,,,69.79,1.0,50
phi2_w64,5,50,-17.326679141782225,0.6360573345422744,2.571154716014862,1.6809828612264246,,,74.57,1.0,50
phi2_w64,5,100,-22.194115327857435,0.556428060233593,2.566618161201477,0.7377031774180941,,,82.27,1.0,50
phi4_w128,1,4,-195.70644543483854,38.5086008644104,54.04474300384521,32.422184089422224,,,500.0,0.0,50
phi4_w128,1,8,-196.11050283402204,37.98782251358032,62.37330829620361,35.5790928798914,,,500.0,0.0,50
phi4_w128,1,16,-202.67779016882182,38.3876318359375,67.01713321685791,37.003372644558546,,,500.0,0.0,50
phi4_w128,1,32,-211.59266160547733,38.118552703857425,68.88704559326172,37.2130858752178,,,500.0,0.0,50
phi4_w128,1,50,-224.5237211793661,38.31193759918213,69.42349624633789,37.63472172461748,,,500.0,0.0,50
phi4_w128,1,100,-257.0934651762247,38.25169197082519,70.11796577453613,37.923351091963056,,,500.0,0.0,50
phi4_w128,2,4,-194.03510538160802,39.07035331726074,55.70261505126953,32.52562320694327,,,500.0,0.0,50
phi4_w128,2,8,-192.20394771426916,37.97536470413208,62.14064544677734,35.426056699752806,,,500.0,0.0,50
phi4_w128,2,16,-196.44133134812117,38.205642280578616,66.67876335144042,36.724435087814925,,,500.0,0.0,50
phi4_w128,2,32,-201.2650795599818,38.13860240936279,68.8691837310791,37.16135976189747,,,500.0,0.0,50
phi4_w128,2,50,-207.8517297849059,38.28602596282959,69.36779182434083,37.8218756616354,,,500.0,0.0,50
phi4_w128,2,100,-223.9676197591424,38.230870208740235,70.08854637145996,37.859383758383984,,,500.0,0.0,50
phi4_w128,3,4,-121.26345012348145,13.345980641841889,21.901332402229308,16.387632515877485,,,500.0,0.0,50
phi4_w128,3,8,-137.54482010982932,16.54116311073303,39.06396739006043,19.42684341387823,,,500.0,0.0,50
phi4_w128,3,16,-159.395747025162,21.833374662399294,58.40166555404663,22.820231350550895,,,500.0,0.0,50
phi4_w128,3,32,-178.38086483031512,26.973205585479736,66.40985454559326,29.899088665340095,,,500.0,0.0,50
phi4_w128,3,50,-190.29832644551993,30.710393085479737,68.7756901550293,32.16243056232929,,,500.0,0.0,50
phi4_w128,3,100,-210.54640833377837,35.9947695350647,70.01089805603027,35.96782319690287,,,500.0,0.0,50
phi4_w128,4,4,-196.2707413318753,39.14408678054809,54.92810546875,33.56446064531803,,,500.0,0.0,50
phi4_w128,4,8,-197.40800259411336,38.77346950531006,62.75023578643799,35.82423608660698,,,500.0,0.0,50
phi4_w128,4,16,-199.37503267854453,38.345117797851564,66.55014785766602,36.848746772520244,,,500.0,0.0,50
phi4_w128,4,32,-207.28121189445258,38.22623733520508,68.81348899841309,37.530519438013435,,,500.0,0.0,50
phi4_w128,4,50,-216.1235554805398,38.248875770568844,69.37479202270508,38.18825981631875,,,500.0,0.0,50
phi4_w128,4,100,-240.82461131453513,38.243205833435056,70.08414459228516,38.02914042326212,,,500.0,0.0,50
phi4_w128,5,4,-181.4468192306906,37.59961431503296,53.409321060180666,33.05190938472748,,,500.0,0.0,50
phi4_w128,5,8,-190.5618827828765,37.74669406890869,62.31144905090332,33.91293933480978,,,500.0,0.0,50
phi4_w128,5,16,-194.3002631533146,38.157170753479,66.79129486083984,37.05702875897288,,,500.0,0.0,50
phi4_w128,5,32,-197.16232828348876,38.25232215881348,68.78017448425292,37.731564228525386,,,500.0,0.0,50
phi4_w128,5,50,-200.8221532922983,38.28413028717041,69.42290145874023,37.89783225455284,,,500.0,0.0,50
phi4_w128,5,100,-209.638774638474,38.19599376678467,69.99560722351075,38.1137805146575,,,500.0,0.0,50
phi4_w32,1,4,-197.58812880381942,39.60157220840454,56.12794807434082,33.48895613610745,,,500.0,0.0,50
phi4_w32,1,8,-194.34103174895048,38.575056648254396,63.27258033752442,35.028729314357044,,,500.0,0.0,50
phi4_w32,1,16,-197.1301641371846,38.408250160217285,66.8752127456665,36.08175996420905,,,500.0,0.0,50
phi4_w32,1,32,-202.35012937396766,38.319334487915036,68.62668785095215,37.244769865162674,,,500.0,0.0,50
phi4_w32,1,50,-208.3184776481986,38.278564262390134,69.28649124145508,37.610664374136924,,,500.0,0.0,50
phi4_w32,1,100,-225.1746339467168,38.269910163879395,70.10018463134766,37.8749204975605,,,500.0,0.0,50
phi4_w32,2,4,-196.88023777864873,40.07805456161499,56.94737934112549,33.34499453663826,,,500.0,0.0,50
phi4_w32,2,8,-195.62051662266254,38.97851858139038,63.28459518432617,36.236637166962026,,,500.0,0.0,50
phi4_w32,2,16,-198.92408275961876,38.47378112792969,66.59360717773437,37.07098970882595,,,500.0,0.0,50
phi4_w32,2,32,-205.88322880655528,38.37672035217285,68.66360633850098,37.76324059609324,,,500.0,0.0,50
phi4_w32,2,50,-213.43218945503236,38.344022827148436,69.44698524475098,37.82206786724329,,,500.0,0.0,50
phi4_w32,2,100,-235.69507878631353,38.33012943267822,70.02928649902344,38.08503415693641,,,500.0,0.0,50
phi4_w32,3,4,-53.91690584518015,7.627999992370605,11.893577013015747,10.663905311226845,,,500.0,0.0,50
phi4_w32,3,8,-59.14456709139049,7.036993379592896,12.546203908920289,11.449003455042838,,,500.0,0.0,50
phi4_w32,3,16,-65.11704844795167,6.75907594203949,12.821670360565186,11.593448852598668,,,500.0,0.0,50
phi4_w32,3,32,-75.5573134546727,6.645526118278504,12.945610055923462,10.230659486800432,,,500.0,0.0,50
phi4_w32,3,50,-84.3472165928781,6.612958416938782,12.987632246017457,11.417327541732789,,,500.0,0.0,50
phi4_w32,3,100,-107.98709640055895,6.5768521213531494,13.03119927406311,11.765762996864318,,,500.0,0.0,50
phi4_w32,4,4,-188.59672411456705,36.521977462768554,52.369402732849125,31.589688622541725,,,500.0,0.0,50
phi4_w32,4,8,-195.77098592847585,38.55742023468017,63.1721081161499,35.41298102200031,,,500.0,0.0,50
phi4_w32,4,16,-198.25072330713272,38.289709129333495,66.9454695892334,36.57584076225758,,,500.0,0.0,50
phi4_w32,4,32,-204.83272486954928,38.282599449157715,68.65114654541016,37.5499135494139,,,500.0,0.0,50
phi4_w32,4,50,-211.79441467344762,38.23135982513428,69.49921287536621,37.52834238009453,,,500.0,0.0,50
phi4_w32,4,100,-232.2483577233553,38.232819480896,70.07474769592285,37.90594509949088,,,500.0,0.0,50
phi4_w32,5,4,-182.6840105545521,35.09775417327881,50.86188756942749,29.538415515720843,,,500.0,0.0,50
phi4_w32,5,8,-188.9521907274425,37.440831680297855,62.125097846984865,34.3179240417853,,,500.0,0.0,50
phi4_w32,5,16,-191.42243516802787,38.19093971252441,66.93894779205323,36.94856149375439,,,500.0,0.0,50
phi4_w32,5,32,-191.61803062409163,38.149251823425296,68.69954322814941,37.67392870029435,,,500.0,0.0,50
phi4_w32,5,50,-192.10486363679172,38.191766357421876,69.48409004211426,37.82491089046002,,,500.0,0.0,50
phi4_w32,5,100,-193.53426338553427,38.26962417602539,70.07177345275879,37.97500308006704,,,500.0,0.0,50
phi4_w64,1,4,-19.1384086585138,1.1807922327518463,2.1675192642211916,1.097726416606456,,,138.85,1.0,50
phi4_w64,1,8,-28.78113578996621,0.7566320949792862,2.151654942035675,1.1274409460212338,,,185.66,1.0,50
phi4_w64,1,16,-42.1802613863349,0.5276469853520394,2.184976272583008,2.0642636685515754,,,245.31,1.0,50
phi4_w64,1,32,-59.24775898242369,0.436853374838829,2.24044673204422,0.7127066769664816,,,300.11,0.99,50
phi4_w64,1,50,-71.0402747245133,0.36765744805336,2.210798652172089,0.7825270781427622,,,326.74,1.0,50
phi4_w64,1,100,-102.38959411226213,0.3392064338922501,3.5020753502845765,0.7696218943845946,,,392.76,0.91,50
phi4_w64,2,4,-179.91984785467386,34.25866799354553,49.94944229602814,29.55854197770357,,,500.0,0.0,50
phi4_w64,2,8,-193.7976480397582,37.644595317840576,61.94437919616699,35.63852308511734,,,500.0,0.0,50
phi4_w64,2,16,-200.93485057502986,38.42306869506836,66.85862972259521,37.023732070475816,,,500.0,0.0,50
phi4_w64,2,32,-209.6218297445774,38.20132125854492,68.73625427246094,37.97967094752938,,,500.0,0.0,50
phi4_w64,2,50,-219.92125639081002,38.177740478515624,69.36417541503906,37.74033969773054,,,500.0,0.0,50
phi4_w64,2,100,-249.29392076939345,38.23426792144775,70.07711288452148,38.215370899888875,,,500.0,0.0,50
phi4_w64,3,4,-71.08017947383225,11.369138116836547,14.131030673980712,13.421474132537842,,,500.0,0.0,50
phi4_w64,3,8,-74.5657363333553,10.429325294494628,14.540625200271606,17.809063993692398,,,500.0,0.0,50
phi4_w64,3,16,-80.47739059388637,9.914850215911866,14.651135511398316,14.58572981968522,,,500.0,0.0,50
phi4_w64,3,32,-95.5583585496992,9.66868950843811,14.73289553642273,17.00023914977908,,,500.0,0.0,50
phi4_w64,3,50,-110.04564648583532,9.576871328353882,14.75780590057373,18.742535811138154,,,500.0,0.0,50
phi4_w64,3,100,-147.83919717311858,9.495780830383302,14.783691930770875,15.96491549999714,,,500.0,0.0,50
phi4_w64,4,4,-195.432687805444,38.766922035217284,55.027132720947264,33.611715821623804,,,500.0,0.0,50
phi4_w64,4,8,-194.44865387350322,38.45003890991211,62.831904373168946,36.01088077828288,,,500.0,0.0,50
phi4_w64,4,16,-194.47682591468094,38.11187515258789,66.48601825714111,35.82630952239037,,,500.0,0.0,50
phi4_w64,4,32,-198.7421342381835,38.16093906402588,68.54662582397461,37.45016112383455,,,500.0,0.0,50
phi4_w64,4,50,-202.84840244978668,38.21018157958984,69.4218408203125,37.935212359786036,,,500.0,0.0,50
phi4_w64,4,100,-214.78148210108282,38.27626449584961,70.09475761413574,38.14709039875269,,,500.0,0.0,50
phi4_w64,5,4,-189.78477994158865,37.78361385345459,53.78224214553833,32.453469818234446,,,500.0,0.0,50
phi4_w64,5,8,-190.44444519579412,37.82045057296753,62.31114589691162,35.73907368078828,,,500.0,0.0,50
phi4_w64,5,16,-192.12593840539455,38.210476875305176,66.79807418823242,36.69083845645189,,,500.0,0.0,50
phi4_w64,5,32,-193.94450955361128,38.1725919342041,68.7014200592041,37.190428649298845,,,500.0,0.0,50
phi4_w64,5,50,-196.16375131845473,38.26199275970459,69.51834617614746,37.756306092324856,,,500.0,0.0,50
phi4_w64,5,100,-200.67907373934983,38.22265491485596,70.06135078430175,38.05837112404704,,,500.0,0.0,50
phi1_w128,1,4,-23.42980083349161,1.2173043477535248,2.084286732673645,2.1282967624161393,,,114.79,1.0,100
phi1_w128,1,8,-37.04511799558997,2.465066057443619,4.689434280395508,3.2654528302827384,,,176.39,0.94,100
phi1_w128,1,16,-42.33742261586245,1.2328520128130913,3.1739499807357787,2.3814490348444086,,,213.55,0.97,100
phi1_w128,1,32,-49.35877734795213,1.1688846561312676,3.4172326350212097,1.5012958647774213,,,239.64,0.97,100
phi1_w128,1,50,-56.37528953288682,1.0363191804289817,3.2090054249763487,1.788469394541858,,,272.45,0.95,100
phi1_w128,1,100,-61.41285194983706,0.8986682738363743,3.187706651687622,1.3087405278398074,,,284.31,0.97,100
phi1_w128,2,4,-189.98699197903275,37.444355745315555,53.40737964630127,31.2997829246521,,,500.0,0.0,100
phi1_w128,2,8,-196.15870901674032,38.1369434928894,62.15764915466308,35.07588912665844,,,500.0,0.0,100
phi1_w128,2,16,-199.41996575713156,37.939805603027345,66.32878665924072,36.74915032982826,,,500.0,0.0,100
phi1_w128,2,32,-207.71971090257168,38.112067756652834,68.58110404968262,37.333774277605116,,,500.0,0.0,100
phi1_w128,2,50,-217.4912350833416,38.114827423095704,69.41447578430176,37.86807266776562,,,500.0,0.0,100
phi1_w128,2,100,-243.65253748118877,38.21604717254639,70.07209098815918,37.89350580094606,,,500.0,0.0,100
phi1_w128,3,4,-197.69198870368302,39.93221752166748,55.72799480438233,32.53774840831757,,,500.0,0.0,100
phi1_w128,3,8,-196.5375654155016,38.78363531112671,63.40550979614258,35.46766421608627,,,500.0,0.0,100
phi1_w128,3,16,-199.13613597482444,38.571274032592775,67.00740016937256,37.00684908494353,,,500.0,0.0,100
phi1_w128,3,32,-205.0066737997532,38.45249351501465,68.79087013244629,37.72888334187679,,,500.0,0.0,100
phi1_w128,3,50,-212.12862663507462,38.36910766601562,69.53204277038574,37.60022955546975,,,500.0,0.0,100
phi1_w128,3,100,-232.10212700366975,38.2850520324707,70.09257499694824,38.28703131468817,,,500.0,0.0,100
phi1_w128,4,4,-111.55140665035695,19.241252760887146,26.787659702301024,20.67434987977147,,,500.0,0.0,100
phi1_w128,4,8,-173.4331714645028,34.53878059387207,54.045998859405515,34.312468008995054,,,500.0,0.0,100
phi1_w128,4,16,-176.37686078608036,34.25867584228516,57.54400325775146,34.34132954008877,,,500.0,0.0,100
phi1_w128,4,32,-182.38178469240665,33.581660766601566,59.420662307739256,34.285014255847784,,,500.0,0.0,100
phi1_w128,4,50,-190.36448056519032,33.41071611404419,60.12729858398438,34.589287408840654,,,500.0,0.0,100
phi1_w128,4,100,-211.9994579565525,32.370716934204104,61.843458824157715,36.699813537979125,,,500.0,0.0,100
phi1_w128,5,4,-197.84194049209356,39.48339996337891,55.63229564666748,32.919305502176286,,,500.0,0.0,100
phi1_w128,5,8,-195.39159159854054,38.59227493286133,62.8621849822998,36.56663147166371,,,500.0,0.0,100
phi1_w128,5,16,-198.76671965301037,38.54488431930542,66.76046012878417,36.903414339199664,,,500.0,0.0,100
phi1_w128,5,32,-204.5217123889923,38.36051399230957,68.74854080200195,37.71613876426593,,,500.0,0.0,100
phi1_w128,5,50,-211.34540414065123,38.31724666595459,69.42576522827149,37.61151027231217,,,500.0,0.0,100
phi1_w128,5,100,-230.99702625393869,38.31990829467773,70.11705848693848,37.90616019920409,,,500.0,0.0,100
phi1_w32,1,4,-25.933230816265567,1.353110899925232,2.074541485309601,2.465215295255184,,,147.4,1.0,100
phi1_w32,1,8,-36.846857493873685,1.078698404431343,2.0573690819740293,1.6912283704522997,,,200.16,1.0,100
phi1_w32,1,16,-51.00046146825887,1.0079324078559875,2.042568550109863,1.6200942682940513,,,256.25,1.0,100
phi1_w32,1,32,-62.04728809259832,0.9460764646530151,2.0302305316925047,0.879049433292821,,,293.43,1.0,100
phi1_w32,1,50,-70.35812680326403,0.9081401067972183,2.0402208876609804,3.447204494601488,,,319.23,1.0,100
phi1_w32,1,100,-81.41543891508132,0.860609142780304,2.434919147491455,0.7359572181674652,,,346.0,0.99,100
phi1_w32,2,4,-128.336120839864,25.318529357910155,31.83271728515625,25.358421783447266,,,500.0,0.0,100
phi1_w32,2,8,-128.49281056195497,24.672983207702636,35.16414939880371,28.256011811569334,,,500.0,0.0,100
phi1_w32,2,16,-130.94442155331373,24.22563976287842,36.64905780792236,29.838592752441762,,,500.0,0.0,100
phi1_w32,2,32,-135.18854315325618,24.021480979919435,37.41826545715332,31.15660484990105,,,500.0,0.0,100
phi1_w32,2,50,-139.23023819595576,23.97419195175171,37.6587126159668,30.44746728079319,,,500.0,0.0,100
phi1_w32,2,100,-151.00312156260014,23.94886791229248,37.83609848022461,30.419109477424623,,,500.0,0.0,100
phi1_w32,3,4,-14.002875999500976,1.363718010187149,2.2584980010986326,1.697403665771708,,,163.42,0.8,100
phi1_w32,3,8,-21.48543821546249,1.0484591794013978,2.1371544671058653,1.3892840318125672,,,133.12,0.98,100
phi1_w32,3,16,-26.454984423397107,0.8792840123176575,2.105406467914581,1.4113933517306578,,,146.55,0.99,100
phi1_w32,3,32,-30.936859172340483,0.7719883239269256,2.0751468777656554,1.0495323255289986,,,157.69,0.99,100
phi1_w32,3,50,-35.25774049574509,0.7330095279216766,2.0748958587646484,1.9001276066245512,,,166.4,0.99,100
phi1_w32,3,100,-50.56311357524246,0.9123770731687546,2.53792249917984,1.7827648350617846,,,194.29,0.96,100
phi1_w32,4,4,-87.44327282985672,4.678668749332428,6.503239536285401,5.647484149672091,,,500.0,0.0,100
phi1_w32,4,8,-105.28880110658706,7.635519597530365,15.645792188644409,8.500302149690688,,,500.0,0.0,100
phi1_w32,4,16,-122.56940743762999,7.948468322753906,23.74425169467926,10.515360368136317,,,500.0,0.0,100
phi1_w32,4,32,-139.9250307128951,9.317917246818542,36.167553443908695,13.060384371953552,,,500.0,0.0,100
phi1_w32,4,50,-155.60788601346314,11.07562467098236,43.85672348022461,14.894813745951653,,,500.0,0.0,100
phi1_w32,4,100,-184.6445016860962,12.506299290657044,52.67636085510254,17.466474431240187,,,500.0,0.0,100
phi1_w32,5,4,-19.280521131446584,1.576161538362503,2.5447808933258056,2.8633851175708696,,,169.63,0.99,100
phi1_w32,5,8,-29.10172395966016,1.0653024607896804,2.0441489791870118,2.5532965228590183,,,229.5,1.0,100
phi1_w32,5,16,-45.69644642740488,0.9910652619600296,2.0383853244781496,2.1990071485354563,,,293.46,1.0,100
phi1_w32,5,32,-70.33546775292605,0.9611804741621017,2.0350414991378782,0.7131296964827925,,,362.42,1.0,100
phi1_w32,5,50,-90.36435053383931,1.005614128112793,2.140010242462158,2.4477730442285535,,,403.9,0.95,100
phi1_w32,5,100,-116.52234243705868,0.9877944362163543,2.168780825138092,2.4325660855889324,,,439.55,0.89,100
phi1_w64,1,4,-26.66324372842908,1.1925435304641723,2.0377626395225525,1.2394489816576242,,,308.0,0.91,100
phi1_w64,1,8,-41.1784667389933,1.0384869855642318,2.2136424469947813,2.016820881392341,,,427.91,0.52,100
phi1_w64,1,16,-46.742427403200416,1.0135848808288574,2.3940018081665038,1.808369207191281,,,491.12,0.11,100
phi1_w64,1,32,-52.13478524751961,1.0150456517934798,2.597473876476288,0.9774373660830316,,,499.47,0.02,100
phi1_w64,1,50,-62.19019528798759,1.083155860900879,2.83083936214447,2.6302141275330446,,,499.75,0.01,100
phi1_w64,1,100,-75.8488081331551,1.2400985389947892,3.1211212277412415,2.6363020683312324,,,500.0,0.0,100
phi1_w64,2,4,-9.704255131566898,1.3753512549400329,2.3309146571159363,2.7657817663811146,,,44.71,1.0,100
phi1_w64,2,8,-12.46701788496226,1.0049885600805282,2.2041717958450318,1.0239521844848058,,,60.54,1.0,100
phi1_w64,2,16,-15.56988785089925,0.8718396520614624,2.230989816188812,1.9582210998237133,,,73.2,1.0,100
phi1_w64,2,32,-18.318849943093955,0.8247821253538131,2.304919435977936,1.2764686830263237,,,81.14,1.0,100
phi1_w64,2,50,-20.61310523936525,0.7702581435441971,2.321875419616699,1.7881625484103338,,,85.61,1.0,100
phi1_w64,2,100,-25.528647467009723,0.7120557275414466,2.471056950092316,1.0975902231334242,,,93.01,1.0,100
phi1_w64,3,4,-31.306476190825926,2.029167535305023,2.9015207648277284,3.059317084364593,,,395.0,0.37,100
phi1_w64,3,8,-44.368387174215165,2.823962392807007,4.4568179821968075,3.96959073677659,,,500.0,0.0,100
phi1_w64,3,16,-53.91462700482458,3.3313951683044434,5.433104839324951,6.3287037114799025,,,500.0,0.0,100
phi1_w64,3,32,-66.19637201562524,3.6609478855133055,5.987163505554199,8.688255734965205,,,500.0,0.0,100
phi1_w64,3,50,-75.29699626430869,3.783691484928131,6.170501842498779,6.6287430068016056,,,500.0,0.0,100
phi1_w64,3,100,-104.50269804790616,4.119232308864594,6.972268958091735,4.352499462532997,,,500.0,0.0,100
phi1_w64,4,4,-12.704669761052354,1.276906613111496,2.1214592242240906,0.8232854643370956,,,63.6,1.0,100
phi1_w64,4,8,-15.40523890520446,1.0237522971630098,2.096522657871246,1.378880887280684,,,84.81,1.0,100
phi1_w64,4,16,-17.601515191774816,0.9753901523351669,2.071316969394684,1.6690805540652947,,,98.31,1.0,100
phi1_w64,4,32,-19.826554630529134,0.9670136654376984,2.0463332319259644,2.2151634639000988,,,109.94,1.0,100
phi1_w64,4,50,-21.74759919419885,0.9649730479717255,2.0424113059043885,1.260251833471842,,,115.05,1.0,100
phi1_w64,4,100,-26.45139165595174,0.959152290225029,2.0349398136138914,2.6500102080906744,,,124.15,1.0,100
phi1_w64,5,4,-113.37142356514931,14.271572688817978,23.59276001691818,15.598678450444714,,,477.96,0.15,100
phi1_w64,5,8,-173.50702961757779,32.66963773488998,58.39177755355835,30.727762860246003,,,500.0,0.0,100
phi1_w64,5,16,-184.07351218014955,35.22717651367188,65.0979560470581,34.57925432495773,,,500.0,0.0,100
phi1_w64,5,32,-189.8339281693101,36.152585639953614,68.35886409759522,36.35430060856976,,,500.0,0.0,100
phi1_w64,5,50,-193.33649675726892,35.89221714019775,69.13978385925293,35.91581933715344,,,500.0,0.0,100
phi1_w64,5,100,-203.53774120151996,35.89669364929199,69.96450637817382,36.880170920661094,,,500.0,0.0,100
phi2_w128,1,4,-189.20357064045965,36.567938480377194,53.5475412940979,32.169535436332225,,,500.0,0.0,100
phi2_w128,1,8,-192.07099863126874,37.50376328468323,62.60451740264892,34.5046407443285,,,500.0,0.0,100
phi2_w128,1,16,-200.1722227549553,38.4415595626831,66.79200611114501,36.72334306374192,,,500.0,0.0,100
phi2_w128,1,32,-207.743187520504,38.35182052612305,68.6734447479248,37.6577097710222,,,500.0,0.0,100
phi2_w128,1,50,-216.6592217323184,38.31902690887451,69.44924621582031,37.83968273588419,,,500.0,0.0,100
phi2_w128,1,100,-241.8460975086689,38.317631301879885,70.07106575012207,38.071836982268096,,,500.0,0.0,100
phi2_w128,2,4,-187.3791353093833,37.215829372406006,53.646780490875244,31.36308846861124,,,500.0,0.0,100
phi2_w128,2,8,-193.584334667325,38.45267496109009,62.87110168457031,34.6908220359683,,,500.0,0.0,100
phi2_w128,2,16,-193.42175503849984,38.321957931518554,66.80158535003662,36.98597599912435,,,500.0,0.0,100
phi2_w128,2,32,-196.0170467749238,38.26019374847412,68.59793670654297,37.80734158052132,,,500.0,0.0,100
phi2_w128,2,50,-198.98351735293866,38.24796352386475,69.40016372680664,37.86889235765934,,,500.0,0.0,100
phi2_w128,2,100,-206.35482102036477,38.25079418182373,70.11050369262695,38.058503572028876,,,500.0,0.0,100
phi2_w128,3,4,-192.27658660024406,37.60095186233521,53.65306037902832,32.60023323655128,,,500.0,0.0,100
phi2_w128,3,8,-191.8380838279426,38.08761833190918,62.139141960144045,35.216284950226544,,,500.0,0.0,100
phi2_w128,3,16,-195.5321221795678,38.085552806854245,66.82327182769775,36.63542481992394,,,500.0,0.0,100
phi2_w128,3,32,-199.83631491422653,38.04629222869873,68.78878021240234,37.605281988456845,,,500.0,0.0,100
phi2_w128,3,50,-205.2440869256854,38.12621810913086,69.50716171264648,37.642434536993505,,,500.0,0.0,100
phi2_w128,3,100,-220.12277969956398,38.26104476928711,70.05515815734863,38.081403149583934,,,500.0,0.0,100
phi2_w128,4,4,-14.490962549773975,1.427907226085663,2.1698388671875,2.011778971366584,,,73.81,0.99,100
phi2_w128,4,8,-26.203795339474453,0.8463798886537552,2.110580236911774,1.8172845895739738,,,346.41,0.9,100
phi2_w128,4,16,-32.002431295309215,0.5952461814880371,2.0234270095825195,0.6355061196585302,,,291.61,1.0,100
phi2_w128,4,32,-44.54914532253519,0.5262943455576896,2.023186128139496,0.849557637218386,,,299.07,1.0,100
phi2_w128,4,50,-52.64541312113404,0.5031050181388855,2.018882873058319,0.4366117639785167,,,309.75,1.0,100
phi2_w128,4,100,-76.15994481962174,0.48697060853242874,2.0379820680618286,1.5764928253966384,,,347.54,0.99,100
phi2_w128,5,4,-185.7088455694914,36.80206413269043,53.42005578994751,32.49629058510065,,,500.0,0.0,100
phi2_w128,5,8,-195.42091885447502,38.19157625198364,62.180358810424806,35.805414523631335,,,500.0,0.0,100
phi2_w128,5,16,-199.46012357354164,38.13691930770874,66.72070308685302,36.625237064138055,,,500.0,0.0,100
phi2_w128,5,32,-207.13011925905943,38.20686386108398,68.563603515625,37.61694312892854,,,500.0,0.0,100
phi2_w128,5,50,-216.12691346287727,38.2857409286499,69.5197314453125,37.89276581747532,,,500.0,0.0,100
phi2_w128,5,100,-240.72297164738177,38.27375755310059,70.02292640686035,38.04550743149817,,,500.0,0.0,100
phi2_w32,1,4,-13.502490274207666,1.2043620908260346,2.0661670708656312,1.0992173966765404,,,82.69,1.0,100
phi2_w32,1,8,-19.42369223085232,0.9198121380805969,2.0438870000839233,1.5236851395713165,,,103.97,1.0,100
phi2_w32,1,16,-24.026809019483625,0.7570976722240448,2.0666952610015867,0.6365219908789732,,,123.04,1.0,100
phi2_w32,1,32,-31.070607846658678,0.6875618681311607,2.0758222460746767,1.5451917906460586,,,142.58,1.0,100
phi2_w32,1,50,-35.444405841082336,0.6606659036874771,2.080378668308258,1.6634302751213312,,,153.43,1.0,100
phi2_w32,1,100,-48.02403524853289,0.6417080003023148,2.0729531335830687,1.4746315250679851,,,173.83,1.0,100
phi2_w32,2,4,-191.8085515679419,38.31413747787476,54.44492744445801,31.77167927622795,,,500.0,0.0,100
phi2_w32,2,8,-193.53395363301038,38.253453998565675,62.92679183959961,35.86960897870362,,,500.0,0.0,100
phi2_w32,2,16,-196.7924312144518,38.35648097991943,66.73966995239257,37.54270641967654,,,500.0,0.0,100
phi2_w32,2,32,-201.2227371671796,38.256170425415036,68.67342628479004,37.4388090178743,,,500.0,0.0,100
phi2_w32,2,50,-207.35273654729127,38.338850440979,69.56050773620605,37.5462951884389,,,500.0,0.0,100
phi2_w32,2,100,-222.61106805205344,38.274791870117184,70.08274017333984,37.84831013129949,,,500.0,0.0,100
phi2_w32,3,4,-18.463560028374197,1.2307402563095093,2.1170852255821226,0.7492751077655703,,,104.62,1.0,100
phi2_w32,3,8,-24.495624020574613,0.8548983633518219,2.0776430416107177,2.1675718876416794,,,134.01,1.0,100
phi2_w32,3,16,-28.154273592401296,0.6285535198450088,2.081230313777924,0.4178709256026195,,,155.39,1.0,100
phi2_w32,3,32,-35.296476468835024,0.5119420769810676,2.055583531856537,1.509804883718898,,,184.33,1.0,100
phi2_w32,3,50,-40.24528557099402,0.4625778689980507,2.049079694747925,0.32865428924434814,,,201.58,1.0,100
phi2_w32,3,100,-51.20800981350243,0.41966409295797347,2.0395724058151243,0.3399350179041736,,,226.66,1.0,100
phi2_w32,4,4,-218.0977122949064,45.58066547393799,62.437821044921876,34.72743639826775,,,500.0,0.0,100
phi2_w32,4,8,-200.49480209231376,40.644221000671386,64.49987857818604,36.14995987683535,,,500.0,0.0,100
phi2_w32,4,16,-195.3044756513834,39.09982276916504,67.64308780670166,37.33009359329939,,,500.0,0.0,100
phi2_w32,4,32,-195.62430164337158,38.623155212402345,68.99083618164063,37.56933654088527,,,500.0,0.0,100
phi2_w32,4,50,-197.04104505449533,38.46848964691162,69.55173225402832,37.892833192545176,,,500.0,0.0,100
phi2_w32,4,100,-202.12900231450797,38.36905838012695,70.13552207946778,38.13229996267557,,,500.0,0.0,100
phi2_w32,5,4,-34.47032622610219,2.5717871868610382,3.8337356781959535,3.445833451654762,,,359.38,0.66,100
phi2_w32,5,8,-67.91481230821461,5.807702693939209,9.730866947174071,8.80952672309475,,,500.0,0.0,100
phi2_w32,5,16,-114.01179544974119,9.845904550552369,17.722023820877077,11.306087321834639,,,500.0,0.0,100
phi2_w32,5,32,-180.93618817891925,27.375970084667205,51.655254182815554,27.44348295988515,,,500.0,0.0,100
phi2_w32,5,50,-210.67543504565955,36.03941900253296,66.51587927818298,35.550824081480506,,,500.0,0.0,100
phi2_w32,5,100,-237.17343408823012,38.09195072174072,70.0584765625,37.83460898949206,,,500.0,0.0,100
phi2_w64,1,4,-193.36490897610784,38.41027908325195,54.78977258682251,34.057549178004265,,,500.0,0.0,100
phi2_w64,1,8,-195.1748483157158,38.3120934677124,62.82467628479004,35.636797973811625,,,500.0,0.0,100
phi2_w64,1,16,-198.36979018121957,38.144778175354006,67.05721920013428,36.450993754565715,,,500.0,0.0,100
phi2_w64,1,32,-206.09860573679208,38.183007888793945,68.52894409179687,37.123017579987646,,,500.0,0.0,100
phi2_w64,1,50,-215.1108132982254,38.276091995239256,69.5260051727295,37.837989903736116,,,500.0,0.0,100
phi2_w64,1,100,-238.69325930386782,38.23506130218506,70.1019066619873,38.11450266772211,,,500.0,0.0,100
phi2_w64,2,4,-13.39160261151381,1.3716672706604003,2.3873558115959166,1.2102243316872046,,,55.6,1.0,100
phi2_w64,2,8,-21.634394056992605,1.0983175003528596,2.813394820690155,2.444029685254209,,,91.33,0.99,100
phi2_w64,2,16,-24.742777332980186,0.7946630194783211,2.8171155047416687,0.681123735543515,,,104.39,0.99,100
phi2_w64,2,32,-30.691369242444633,0.4483828261494637,2.4770418500900266,0.6310223435384068,,,123.09,1.0,100
phi2_w64,2,50,-35.57307539347559,0.4045993158221245,2.4342976713180544,1.1662627131701913,,,135.09,1.0,100
phi2_w64,2,100,-47.347316664457324,0.36172293454408644,2.3845933866500855,0.3272661647297442,,,152.64,1.0,100
phi2_w64,3,4,-15.26974169727415,1.3203211045265197,2.296804811954498,2.8991031780652703,,,69.42,1.0,100
phi2_w64,3,8,-19.80167960908264,0.9027272462844849,2.2306380438804627,1.5502503196359612,,,91.9,1.0,100
phi2_w64,3,16,-28.250086147151887,0.5746581491827965,2.2141732478141787,1.5321331543216365,,,123.59,1.0,100
phi2_w64,3,32,-37.813212053794416,0.4125713646411896,2.217226040363312,0.4444134203138674,,,150.27,1.0,100
phi2_w64,3,50,-44.627537442222234,0.33146954745054247,2.1959982538223266,0.36379962767150714,,,164.99,1.0,100
phi2_w64,3,100,-61.12726895101368,0.26612261101603507,2.1848644185066224,0.19704084339010297,,,190.8,1.0,100
phi2_w64,4,4,-193.4162568630278,38.57302457809448,55.881692504882814,32.62602832436561,,,500.0,0.0,100
phi2_w64,4,8,-192.8221423958242,38.268597831726076,63.27993637084961,36.244070789068935,,,500.0,0.0,100
phi2_w64,4,16,-194.75893817603588,38.20694538116455,66.6142911529541,36.57617678120732,,,500.0,0.0,100
phi2_w64,4,32,-198.88472527712582,38.364515686035155,68.83537578582764,37.67770898812451,,,500.0,0.0,100
phi2_w64,4,50,-202.53482620477678,38.24816780090332,69.39932395935058,37.94671169698238,,,500.0,0.0,100
phi2_w64,4,100,-213.7173389852047,38.23660102844238,70.07212028503417,38.07071261573434,,,500.0,0.0,100
phi2_w64,5,4,-191.06512575924395,37.67751251220703,54.594050598144534,32.12202789008617,,,500.0,0.0,100
phi2_w64,5,8,-193.15619205892085,38.14792379379273,62.331422653198246,35.05593724561855,,,500.0,0.0,100
phi2_w64,5,16,-197.63470173984766,38.41049808502197,67.0335340499878,36.49714378632605,,,500.0,0.0,100
phi2_w64,5,32,-201.2677806007862,38.17647994995117,68.86749938964844,37.449653530828655,,,500.0,0.0,100
phi2_w64,5,50,-207.2527859672904,38.20629039764404,69.52562019348144,37.889001335716245,,,500.0,0.0,100
phi2_w64,5,100,-223.4382787820697,38.23708156585693,70.06561706542969,38.03358204757869,,,500.0,0.0,100
phi4_w128,1,4,-196.39027369990944,39.16391565322876,54.677395057678225,32.92515328615904,,,500.0,0.0,100
phi4_w128,1,8,-191.33456409782173,37.971345558166504,62.58827568054199,35.74486360371113,,,500.0,0.0,100
phi4_w128,1,16,-194.99493878513576,38.37152675628662,66.55703048706054,36.95893857829273,,,500.0,0.0,100
phi4_w128,1,32,-198.19546626776457,38.3338232421875,68.81791816711426,37.24914564356208,,,500.0,0.0,100
phi4_w128,1,50,-201.6770311975479,38.28657627105713,69.41207405090331,38.18863077967167,,,500.0,0.0,100
phi4_w128,1,100,-211.70808352738618,38.26431632995605,70.13655403137207,37.94642937591672,,,500.0,0.0,100
phi4_w128,2,4,-199.05755374163388,39.895286350250245,55.30454803466797,33.37702518880367,,,500.0,0.0,100
phi4_w128,2,8,-196.13949915885925,38.32642457962036,63.28741298675537,34.33263590708375,,,500.0,0.0,100
phi4_w128,2,16,-200.949835562706,38.334605293273924,67.03948852539062,36.99543616898358,,,500.0,0.0,100
phi4_w128,2,32,-209.74078635036946,38.21997009277344,68.69824844360352,37.23483225942589,,,500.0,0.0,100
phi4_w128,2,50,-220.11712135225534,38.288187980651855,69.38905181884766,38.13247191017866,,,500.0,0.0,100
phi4_w128,2,100,-248.81168057590722,38.28171459197998,70.15275955200195,38.09770949773193,,,500.0,0.0,100
phi4_w128,3,4,-192.16610476829112,38.043240299224856,53.80083906173706,31.984214947223663,,,500.0,0.0,100
phi4_w128,3,8,-192.96042328089476,38.280235843658446,62.81986644744873,35.8404696457088,,,500.0,0.0,100
phi4_w128,3,16,-196.35061711788177,38.41571914672851,66.49336933135986,36.63849126309157,,,500.0,0.0,100
phi4_w128,3,32,-200.26850376844405,38.339235076904295,68.74919990539551,37.94831202466041,,,500.0,0.0,100
phi4_w128,3,50,-205.01680362701416,38.31411098480225,69.46782661437989,37.969506437152624,,,500.0,0.0,100
phi4_w128,3,100,-218.78253684282302,38.26434646606445,70.10321884155273,38.086231145846845,,,500.0,0.0,100
phi4_w128,4,4,-203.81423996806146,41.79294343948364,58.46180583953858,34.28482647642493,,,500.0,0.0,100
phi4_w128,4,8,-196.63756525665522,39.10288387298584,63.473664360046385,35.175997028052805,,,500.0,0.0,100
phi4_w128,4,16,-196.5198472172022,38.2932564163208,66.6193643951416,36.64086956810206,,,500.0,0.0,100
phi4_w128,4,32,-201.82722996801138,38.180936393737795,68.8084741973877,37.53264743974432,,,500.0,0.0,100
phi4_w128,4,50,-208.0166799518466,38.27413879394531,69.32572319030761,37.59899587750435,,,500.0,0.0,100
phi4_w128,4,100,-224.70667118489743,38.28277896881104,70.04097854614258,38.180274200889464,,,500.0,0.0,100
phi4_w128,5,4,-183.86543950922788,35.057858057022095,50.64958288192749,30.6056686770916,,,500.0,0.0,100
phi4_w128,5,8,-192.9902791623771,38.04048131942749,62.43940650939941,34.829356827884915,,,500.0,0.0,100
phi4_w128,5,16,-195.9470085275173,38.451144485473634,66.93594799041747,37.379137963801625,,,500.0,0.0,100
phi4_w128,5,32,-199.4614203545451,38.39414455413819,68.83120223999023,37.51879395287484,,,500.0,0.0,100
phi4_w128,5,50,-203.12403448432684,38.29188724517822,69.3322193145752,37.69901697505713,,,500.0,0.0,100
phi4_w128,5,100,-214.76702376544475,38.246869583129886,70.09267585754395,38.019809284573796,,,500.0,0.0,100
phi4_w32,1,4,-33.87481163638644,1.3874959695339202,2.0237090373039246,1.8518142096325756,,,202.18,1.0,100
phi4_w32,1,8,-43.418403567923235,1.292659088373184,2.0206422781944275,1.824938823543489,,,355.14,0.92,100
phi4_w32,1,16,-56.730919888578356,2.334917063713074,3.67910444021225,4.652977302912623,,,497.95,0.01,100
phi4_w32,1,32,-66.63025925859809,3.359454720020294,5.363805780410766,6.6567770798504355,,,500.0,0.0,100
phi4_w32,1,50,-73.9141621766612,3.4925380539894104,5.6082783746719365,5.677884953403472,,,500.0,0.0,100
phi4_w32,1,100,-88.7740974766016,3.578469362258911,5.7637725257873536,7.904660724258423,,,500.0,0.0,100
phi4_w32,2,4,-168.6640415006876,31.543330564498902,46.05926414489746,30.752005462646483,,,500.0,0.0,100
phi4_w32,2,8,-191.27293968960643,37.852407207489016,62.49491584777832,35.53491254426539,,,500.0,0.0,100
phi4_w32,2,16,-198.66128017008305,38.030441207885744,66.70908462524415,36.80667353551835,,,500.0,0.0,100
phi4_w32,2,32,-207.16548734903336,38.23877487182617,68.74754371643067,37.33050882603042,,,500.0,0.0,100
phi4_w32,2,50,-216.2792279434204,38.262301445007324,69.40734580993653,37.39937061556578,,,500.0,0.0,100
phi4_w32,2,100,-241.36240812510252,38.2607600402832,70.06382530212403,38.37587366616726,,,500.0,0.0,100
phi4_w32,3,4,-195.30080084338783,38.703086080551145,54.63817489624024,32.738941544294356,,,500.0,0.0,100
phi4_w32,3,8,-192.4301716887951,37.65057294845581,61.73023693084717,35.773150136992335,,,500.0,0.0,100
phi4_w32,3,16,-200.5633907222748,38.37458999633789,66.55874618530274,37.18189746560529,,,500.0,0.0,100
phi4_w32,3,32,-208.24555701732635,38.20552955627441,68.86945213317871,37.130403406666595,,,500.0,0.0,100
phi4_w32,3,50,-218.20104829013349,38.27499160766602,69.51560668945312,37.406469337427616,,,500.0,0.0,100
phi4_w32,3,100,-245.08652191251517,38.27811576843262,70.10643852233886,38.15089867700338,,,500.0,0.0,100
phi4_w32,4,4,-192.7462077334523,38.265133419036864,54.565351219177245,31.96566307634115,,,500.0,0.0,100
phi4_w32,4,8,-193.47170650392772,38.3285124206543,62.61293018341065,36.10114102102816,,,500.0,0.0,100
phi4_w32,4,16,-195.93950139790775,38.47417083740234,66.66011878967285,37.12503849167377,,,500.0,0.0,100
phi4_w32,4,32,-201.0708887666464,38.36239719390869,68.61428588867187,37.67438742996193,,,500.0,0.0,100
phi4_w32,4,50,-206.63809797257184,38.2453572845459,69.3562825012207,38.06098895074129,,,500.0,0.0,100
phi4_w32,4,100,-221.78769498080015,38.26591999053955,70.03087684631348,38.09497912676334,,,500.0,0.0,100
phi4_w32,5,4,-180.81278585508466,36.43655807495117,51.60901557922363,30.57647260442376,,,500.0,0.0,100
phi4_w32,5,8,-190.39961738303305,37.87636995315552,62.44796825408935,34.679737403690815,,,500.0,0.0,100
phi4_w32,5,16,-193.47163502544166,38.189273033142086,66.59111873626709,36.62673327665776,,,500.0,0.0,100
phi4_w32,5,32,-197.28668109953404,38.27275562286377,68.7310775756836,36.972571427226065,,,500.0,0.0,100
phi4_w32,5,50,-200.53241671144963,38.243460502624515,69.3818440246582,37.61454415297508,,,500.0,0.0,100
phi4_w32,5,100,-210.09208754241467,38.268940925598145,70.04037063598633,38.01253674522042,,,500.0,0.0,100
phi4_w64,1,4,-23.43332580730319,1.417779449224472,2.3852164149284363,3.1237259427737443,,,293.16,0.81,100
phi4_w64,1,8,-36.35318257905543,1.3751140570640563,3.807348086833954,3.314678099441808,,,486.94,0.06,100
phi4_w64,1,16,-42.11003704414703,1.1903642070293428,3.9637942719459534,2.5212284743176134,,,500.0,0.0,100
phi4_w64,1,32,-51.41734332125634,1.0826718711853027,3.895464081764221,1.906763622439321,,,500.0,0.0,100
phi4_w64,1,50,-58.36601088836789,1.0223310559988021,3.881710684299469,1.4675667905485492,,,500.0,0.0,100
phi4_w64,1,100,-80.23802462957799,0.9913614761829376,3.890195803642273,1.8373575836669653,,,500.0,0.0,100
phi4_w64,2,4,-145.450858312957,24.650974283218385,35.33610800743103,22.423855578303336,,,500.0,0.0,100
phi4_w64,2,8,-189.82127540402115,36.84308678627014,61.309598264694216,33.67259823679924,,,500.0,0.0,100
phi4_w64,2,16,-195.64416656143965,38.15663117408752,66.59476867675781,36.22950032986701,,,500.0,0.0,100
phi4_w64,2,32,-199.91802924394608,38.2842794418335,68.60296371459961,37.74946500634775,,,500.0,0.0,100
phi4_w64,2,50,-204.5992828014493,38.24301036834717,69.47155540466309,37.920938477683066,,,500.0,0.0,100
phi4_w64,2,100,-218.022537368834,38.278473739624026,70.06628242492675,37.93260073509812,,,500.0,0.0,100
phi4_w64,3,4,-178.92666408050806,36.93326103210449,53.30440982818604,31.76039196431637,,,500.0,0.0,100
phi4_w64,3,8,-187.52948398813606,37.54085922241211,62.69357006072998,35.19324974775314,,,500.0,0.0,100
phi4_w64,3,16,-192.61813997685908,38.05524600982666,66.78447593688965,36.96579284548759,,,500.0,0.0,100
phi4_w64,3,32,-195.56168034791946,37.96653663635254,68.76602806091309,37.10272398449481,,,500.0,0.0,100
phi4_w64,3,50,-198.24551967710258,38.04678245544434,69.36072113037109,38.05356942453384,,,500.0,0.0,100
phi4_w64,3,100,-206.0371185711026,38.14322784423828,69.99475242614746,38.11933183677495,,,500.0,0.0,100
phi4_w64,4,4,-191.9187560725212,38.154195919036866,54.74419620513916,32.62667704075575,,,500.0,0.0,100
phi4_w64,4,8,-191.46341710835696,38.112154750823976,62.75679786682129,35.064861462265256,,,500.0,0.0,100
phi4_w64,4,16,-194.91519978880882,38.32447528839111,66.49813171386718,36.802550844475626,,,500.0,0.0,100
phi4_w64,4,32,-197.12738610178232,38.32567733764648,68.93704605102539,37.208930357862265,,,500.0,0.0,100
phi4_w64,4,50,-199.49504916995764,38.257865257263184,69.39520561218262,37.562016298502684,,,500.0,0.0,100
phi4_w64,4,100,-208.0804722326994,38.26562282562256,70.06555831909179,37.8777306871295,,,500.0,0.0,100
phi4_w64,5,4,-184.97806129023434,36.08866493225098,52.26448148727417,30.45496920838952,,,500.0,0.0,100
phi4_w64,5,8,-193.1322787642479,36.958391723632815,61.657448616027835,35.384993761479855,,,500.0,0.0,100
phi4_w64,5,16,-196.19447622925043,38.259018898010254,67.12099300384521,36.57984755126759,,,500.0,0.0,100
phi4_w64,5,32,-202.61219833344222,38.22690460205078,68.8400951385498,37.30120346443728,,,500.0,0.0,100
phi4_w64,5,50,-208.86764098882676,38.21456310272217,69.43071380615234,37.93670723246485,,,500.0,0.0,100
phi4_w64,5,100,-226.54302870243788,38.28016872406006,70.10686347961426,37.88541596144438,,,500.0,0.0,100
